181	0.003378499496395711
50	0.003344572119345883
100	0.0032465144611425055
56	0.0030701211693295407
204	0.002986658309563337
174	0.002951622412495794
258	0.00284288019478789
7	0.002793923402135459
69	0.002788556121638341
121	0.0027400653561573366
168	0.00272047316119214
98	0.0027199829159272174
172	0.0027075456785884875
117	0.002706612044548431
1	0.002696833409169313
195	0.0026959871792898676
237	0.002590375361188774
79	0.0025486150165892753
176	0.0025348239174861347
210	0.0025311773326080673
183	0.0025223223669334272
286	0.002504985646563514
64	0.0025026257793430446
127	0.002479650807272248
191	0.002460581781847283
12	0.002430169321084793
288	0.0024189642507283426
294	0.002414183658505065
186	0.0024096625412277713
173	0.002401980974931027
423	0.002400116179512315
196	0.0023983870234130147
70	0.0023807031800275155
405	0.0023649531095732835
96	0.002332882663191192
132	0.0023253798866766156
222	0.0023187378203077
22	0.0023062944148168826
216	0.002302067475206439
153	0.0022890267698297533
144	0.0022791432252500647
202	0.0022630632784873647
234	0.0022561993972521886
655	0.002240237346926995
4	0.0022357222849902283
89	0.0022076830373800637
265	0.00220628490012077
82	0.002203303010681483
28	0.002201038631497498
182	0.002184492860750113
403	0.002178333214941286
151	0.0021745905236170244
318	0.0021649944760373315
179	0.0021546261730581483
257	0.0021379836773281324
97	0.002123301940838062
238	0.0021073685914711057
742	0.0020854873734937264
135	0.002076918849563486
496	0.0020543190905816123
228	0.002039180271605546
230	0.002031026238637421
208	0.002027471701935532
211	0.002023167274839476
25	0.0020166931693964265
568	0.002016133876717851
11	0.0019839236345947954
125	0.0019802610612217808
161	0.0019722755135303987
367	0.001970908657182571
357	0.0019612454139295147
118	0.0019590546866793714
300	0.001937613251069837
385	0.0019341783746437914
433	0.0019193708119671265
143	0.0019180610903619857
273	0.0019048809709232076
95	0.001900763056577538
99	0.0018976653620858897
603	0.0018958814942722658
71	0.0018924972602363287
185	0.0018898135850747124
748	0.0018890224870896284
9	0.001888120191161865
546	0.0018854348432583855
402	0.001881256372697774
88	0.0018720709796861221
419	0.0018645548714264892
282	0.001862703393665204
275	0.001857553790411685
328	0.0018459287336045226
215	0.0018387362165926007
550	0.0018339211815653898
111	0.001824569088206912
197	0.0018134879112932263
393	0.0018131742515938261
483	0.001800643001856682
313	0.001799036292907674
194	0.0017976178887277297
8	0.0017932156576755752
154	0.0017931357931992293
651	0.0017847710217261414
180	0.0017825942473963545
15	0.0017794960610752063
239	0.001772759149902365
276	0.0017621670948192842
200	0.001754594592965885
250	0.0017294788649182549
175	0.0017057329733116823
235	0.0017035596328286921
588	0.0016931772632826163
566	0.0016873414094753483
511	0.0016781295259433867
42	0.0016771020047848648
209	0.0016770929006969075
732	0.001675114065566858
68	0.0016630169034301814
187	0.001656336894986272
58	0.0016553409588044956
203	0.0016523270932447102
435	0.00164209827276383
591	0.0016392914233443313
527	0.0016277407034782838
427	0.0016271190578960248
226	0.0016210795190389974
411	0.0016183257535271353
218	0.0016121856643865002
302	0.0016109287553955378
472	0.00161049085166962
475	0.0016007173204679599
94	0.0015990654389607124
451	0.0015963796352828198
73	0.001584441372594236
739	0.0015759161484739635
188	0.001569806358055011
134	0.0015629212038777741
62	0.001558661761657507
229	0.0015528583760173397
248	0.0015508968271000022
498	0.0015501421743522978
269	0.0015467304266688256
474	0.0015434051092082168
684	0.0015405232734136138
471	0.0015367159277060814
271	0.0015296248960029921
597	0.0015292829684349306
432	0.0015208119319096984
223	0.0015186095856763572
23	0.0015068254173471224
217	0.0015050424051537834
418	0.0015033656323227224
692	0.0014936137896723219
443	0.0014917767893303272
66	0.0014855297046848766
81	0.0014827108391007816
227	0.0014682431266900334
65	0.001464318941515376
268	0.0014636143361369954
77	0.0014605017249983013
284	0.0014580742086247453
322	0.0014537795181789055
480	0.0014450306879921673
31	0.001441901539145704
631	0.0014333627193589943
272	0.0014321014110626788
83	0.001427746416417912
219	0.0014270781094319538
54	0.0014268966454639134
193	0.0014191253778412867
582	0.001417693311464959
479	0.0014171612597837005
431	0.0014158876426566172
526	0.0014132723513118205
559	0.0014130261571173178
508	0.0014060712561105692
205	0.001401434495012758
231	0.001401130401127187
1028	0.0013989107984558964
24	0.0013936222457207896
133	0.001384056148466182
67	0.0013798818798643321
13	0.0013773094473198749
660	0.001374710114342175
232	0.001369505110693304
92	0.0013626381735981998
147	0.0013623769200931698
514	0.0013622144325822838
213	0.0013613946460245812
91	0.0013611899733993087
274	0.001359732667224847
751	0.0013589319985804391
663	0.0013556352349051325
504	0.0013529055369333528
515	0.001352859083865948
199	0.0013520131427588564
1047	0.0013504861607802812
382	0.0013486905026125124
845	0.0013441019183268773
55	0.0013429678010251152
164	0.001342052779881068
72	0.0013381141130584797
735	0.0013361742833010257
404	0.0013355450377364264
285	0.0013297906211315795
2	0.0013292346451599722
47	0.0013230117874461177
289	0.0013216287238399893
87	0.0013123198059538726
576	0.0013096443696847563
333	0.0013093641811372406
155	0.0012969754071171472
298	0.0012826952155286933
156	0.0012787543538616646
636	0.0012775218407575083
628	0.0012773092477592796
33	0.0012758376416403716
53	0.001274696918413382
124	0.0012745178340906151
241	0.0012740204478699612
410	0.0012660119245110762
86	0.0012598117146447952
654	0.0012572742669997845
762	0.0012520138356272381
462	0.0012514782280580465
245	0.0012498794783429822
685	0.0012482267871389771
399	0.0012407875683530499
523	0.0012361004032467465
315	0.0012359783314071792
259	0.0012348140123075843
746	0.0012329702870864487
699	0.0012289437028805178
678	0.0012287690492698217
233	0.0012283104057843077
301	0.0012247348835393746
240	0.001222570702478419
425	0.0012200919547802926
38	0.001211843716814619
51	0.0012094377701767154
326	0.0012039003143908928
116	0.0012017118970217599
39	0.0011961707160407671
29	0.001195890399239322
323	0.0011900977770622516
157	0.0011885824954904864
501	0.0011882699468641548
136	0.0011854029070504613
455	0.0011831485578410333
281	0.0011809362159604193
283	0.001180629353333115
17	0.0011783785102393283
198	0.001176896991684055
212	0.0011768899541727148
14	0.0011727218013042825
177	0.0011718599250917605
137	0.0011675063627982509
781	0.001166514349945043
447	0.0011661506360608866
380	0.0011629384229122485
401	0.001160060559061236
327	0.001159677408059371
476	0.0011576353161941205
63	0.0011543566234482072
428	0.0011538266656380134
252	0.0011492563119399053
866	0.0011433659473686914
517	0.0011347476449003512
470	0.0011297660400886272
1011	0.0011241504672412019
820	0.001123858875448183
150	0.001118886566902772
201	0.001118874195163731
763	0.001112703987331941
184	0.0011104100331902037
657	0.0011103803472475803
705	0.0010989891413830733
710	0.0010975986052746615
1014	0.0010975323841175546
346	0.0010967029709208936
80	0.0010937283286786808
640	0.0010919516625055123
190	0.0010897494452844572
482	0.0010888889771513079
679	0.0010867159683679987
778	0.001084873715661655
531	0.001081151498186029
484	0.0010807433848181163
449	0.0010776144175884824
823	0.0010715647537826044
408	0.0010700916970779236
520	0.001069404013647907
521	0.0010692424634188727
178	0.0010671408950039577
485	0.0010666045059257452
332	0.0010647981706846724
509	0.0010646735295530066
48	0.0010579681780469173
825	0.0010572715573533493
1016	0.0010564602425768344
747	0.0010560807121272728
325	0.0010493122715366087
530	0.001047196159335996
473	0.001045615245533668
303	0.001045156462260671
690	0.0010429259718904333
10	0.0010377798899629228
736	0.0010377033616981808
1012	0.0010351377515730447
421	0.0010349828563583402
170	0.0010339465574472383
1101	0.001033511807032844
578	0.0010333735284763703
554	0.001032967566779725
879	0.0010328323514458466
549	0.0010284021490915203
343	0.001026772208106875
291	0.001025840206116458
959	0.0010240079532127908
109	0.0010222175848305975
293	0.00101712014313182
356	0.0010169062984003647
255	0.0010159454223351843
510	0.001015362630525457
709	0.0010131789108202586
214	0.0010122735145895233
192	0.0010097633129220714
693	0.0010093218998029265
528	0.001008932695569203
708	0.0010082142189606906
436	0.0010080585923577668
90	0.0010080533399076837
715	0.0010065830105040175
307	0.001005897103925228
665	0.0010035691816389074
371	0.0010035360685991
249	0.0010018139011717328
727	0.0009995321714124277
750	0.0009970319591890125
317	0.0009945977441948176
659	0.0009888416066376993
148	0.0009836673881657653
378	0.000983556548417395
895	0.0009835340718924049
930	0.0009828571336185671
463	0.0009827353573172814
159	0.0009814702175677506
755	0.000978067444836204
123	0.000975790298774888
722	0.0009712588531768681
340	0.0009690196959932468
939	0.0009627837242640474
129	0.0009576061287309314
85	0.0009575639046542456
280	0.0009565282061881524
642	0.0009563954504434083
122	0.0009545679277006078
76	0.0009528247410048158
386	0.0009494334218353755
1041	0.0009491091722307
770	0.0009486769909309407
171	0.0009464807966933799
27	0.0009464137425352352
744	0.0009451799722390234
756	0.0009437067337696014
162	0.0009427278248665627
506	0.0009380216621944991
44	0.0009343049795760122
792	0.0009319830903311557
319	0.0009308698026184556
158	0.000927069906116465
169	0.0009243290627030853
497	0.0009229084271683641
93	0.0009213114435658473
633	0.0009194080871575458
607	0.0009187033656769493
686	0.0009174208723613561
142	0.0009138436984441058
448	0.0009138170033123203
52	0.0009136009929068046
544	0.000912264109811361
366	0.0009051038749234633
928	0.0009039595803413025
729	0.0009033037497232478
321	0.000902743069866398
596	0.0009004778744563825
49	0.0008999611771147757
381	0.000898763062910341
331	0.0008986009252368952
518	0.0008952438869028635
481	0.0008869980577605931
131	0.0008858782566395952
347	0.0008858206327285408
942	0.0008837870812062527
658	0.0008811811885013838
430	0.0008794158925078229
806	0.0008787489888265566
338	0.0008777766298894373
712	0.0008750212770137291
570	0.0008708756245215839
648	0.000870377832126681
290	0.0008690590000845404
270	0.0008671586328982887
609	0.0008669951846387405
246	0.0008667718934200735
499	0.000863690886057507
673	0.0008635214506157795
429	0.0008581600682517171
652	0.0008567528796893093
5	0.0008556349682743912
260	0.0008537724946334177
1074	0.0008527859631676023
225	0.0008515682437377484
420	0.0008508267677528005
1228	0.000849002594224896
163	0.000846985343692677
466	0.000846085170666349
507	0.0008459637572866781
467	0.0008427439320878153
417	0.0008426518206443476
254	0.0008384842243773999
720	0.000837246970047731
512	0.0008358355844873609
365	0.0008354820935287687
3	0.0008348319709968007
412	0.0008334659368353187
540	0.000830513448961419
358	0.0008286468727508789
614	0.0008283177892982824
831	0.0008279356672095869
529	0.0008262941798506207
441	0.0008211291541902956
465	0.0008191372788669421
815	0.0008149997439817946
625	0.0008146120138215633
478	0.0008142149793147652
141	0.0008118036855300938
941	0.00080925293012786
615	0.0008089625333693483
956	0.0008089543620364227
413	0.0008080354498741992
783	0.0008062972388721366
312	0.0008053516156588179
32	0.0008014626795450249
461	0.0007989200551009254
262	0.0007975172198348519
152	0.0007968168739294119
310	0.0007944095435635906
316	0.0007894001194992859
444	0.0007892399165695615
1065	0.0007885877042036644
114	0.0007880830143702886
809	0.000786175125447422
1091	0.0007851284291706136
558	0.0007832765328744594
627	0.0007781242593951903
847	0.0007775854038786522
1039	0.000775691569695365
1188	0.0007756551089786467
662	0.0007751322072135853
873	0.0007747386795789817
840	0.0007738189483755763
919	0.0007713109140977862
21	0.0007711909759419886
101	0.0007706943291137946
1210	0.0007701195519494164
785	0.0007698042770071291
384	0.0007681787157082107
569	0.0007674854192885297
477	0.0007672679904212761
769	0.0007671307467847006
304	0.0007666048784546345
59	0.0007643632905767715
780	0.00076364427444157
661	0.0007615310141637135
387	0.0007586374973038907
583	0.0007568199929257898
926	0.0007568016083177936
584	0.0007559435548445594
373	0.0007552368636921909
26	0.0007547699699566355
585	0.0007544413305024788
796	0.0007537128204108063
629	0.0007509668929381045
160	0.0007492098347358773
1220	0.0007423528835785994
19	0.0007419807207618132
724	0.0007414968764688837
324	0.0007378726692076116
78	0.0007361045469553905
1079	0.0007348777048074308
243	0.0007313818313242707
469	0.0007313438980713465
623	0.0007272212766322641
620	0.0007262233211872285
656	0.0007246698065024013
790	0.0007208853856351244
167	0.0007161512027874564
519	0.0007160712656917524
647	0.0007157049879794322
392	0.0007132883366603385
826	0.0007121698493385376
650	0.0007070908307071495
406	0.0007061126910574735
779	0.0007049309096532403
468	0.0007035991888646234
887	0.0007034444482066027
525	0.0007010417397221657
396	0.000699782473269667
844	0.0006993076883372955
45	0.0006990719329025867
456	0.0006982388799529991
128	0.0006980937978405494
774	0.0006978007489647118
452	0.000692922273425795
694	0.0006921521485151225
264	0.0006920149705068249
646	0.0006894359247189099
1035	0.0006890532369388629
945	0.0006877436078552574
952	0.0006855042389377465
251	0.0006844725153617798
547	0.0006822369724559204
719	0.0006788501633074263
391	0.0006786880221679198
1007	0.0006778133764582521
491	0.0006761327656330988
929	0.0006757484797501
505	0.0006749822264863674
611	0.0006733846943226658
616	0.0006723766651382149
388	0.000670732376327927
1048	0.0006678205697524879
553	0.0006666055029049487
207	0.0006639660814520019
949	0.0006635190809667033
672	0.000662088545247405
932	0.0006607142624393987
458	0.000660335478839147
426	0.0006588609279300007
105	0.0006578108983669737
40	0.0006576238968699116
630	0.0006562600758211691
963	0.0006555323639708509
1244	0.0006553331270502259
561	0.0006528343650502509
242	0.0006523349500215029
842	0.0006513061382841031
414	0.0006511365892102898
717	0.0006503963987235152
522	0.0006500822461534181
581	0.000649985429790124
604	0.0006499056768928311
696	0.0006481964314060213
707	0.000644853395270861
416	0.0006441712238928113
107	0.0006423256724536043
1226	0.0006422597061163896
145	0.0006419360757085403
737	0.0006417621277772256
434	0.0006413489292999481
924	0.0006396971389165447
292	0.0006362308564322912
488	0.0006359841130456872
383	0.0006356649532049522
969	0.0006345685708386835
738	0.0006345243557313795
1045	0.0006330874554509126
61	0.0006308113188709455
606	0.0006288214842610747
1133	0.0006285733365712599
126	0.0006280691636188129
1109	0.0006278398848511308
1215	0.0006269598327946404
516	0.0006265902210678388
716	0.0006260993503185993
287	0.0006259230847580207
619	0.0006246964627450235
140	0.0006230896396784535
702	0.0006228973290700241
60	0.0006205319073072748
564	0.0006201807789226926
1411	0.0006199360000456598
513	0.0006156964985482084
721	0.000615454808761696
892	0.0006154079024085065
1222	0.0006137739532436426
1073	0.0006136785704072367
864	0.0006133270897881136
752	0.0006127758687775211
605	0.0006126645751384713
375	0.0006117385450406111
450	0.0006106490576717838
139	0.0006094172507281482
946	0.000607704740841398
1113	0.0006063651930996264
221	0.0006063546391740149
768	0.0006055547200322652
389	0.0006053501817053569
502	0.0006041808955789057
713	0.0006029822299685199
1019	0.0006025782527305124
409	0.0006021150326577224
1095	0.000601953187111415
329	0.0006017552603448556
395	0.000598901999204597
676	0.0005961149781097858
1037	0.0005947697894253744
20	0.0005945590800312193
120	0.0005906639640104235
336	0.0005900122507045206
649	0.000587369484657604
106	0.0005864603037210616
1119	0.0005850114475866372
1023	0.0005846537559078045
789	0.0005806305164857114
541	0.0005804977288259025
1168	0.0005786326969575096
855	0.0005779821288795146
795	0.0005734898818001949
728	0.0005728070441554307
277	0.0005703804160329704
552	0.0005698473030258829
1129	0.0005697085998169146
445	0.0005693649210190008
849	0.0005679430363762201
1036	0.0005666591723435396
1034	0.0005634895677616041
492	0.0005634282702102659
108	0.0005610062849333767
542	0.0005597548517761461
675	0.0005596953662682002
189	0.000558702074889798
206	0.0005571340288493777
794	0.0005546268754625678
761	0.0005540449573494954
1118	0.0005537326579375445
632	0.0005504508662298062
295	0.0005503994762339479
102	0.0005481670332960634
680	0.0005470546893266684
1232	0.0005467698185064979
1046	0.0005460893043053133
562	0.0005455267018597753
824	0.0005444005679962834
1049	0.0005433339586269811
955	0.0005424259665616371
871	0.0005422695301036235
493	0.0005417076748011368
634	0.0005415511354232938
560	0.0005412305476572945
931	0.0005406163701219568
965	0.0005384380514681036
1311	0.0005384365740630497
1135	0.0005376640286756103
786	0.0005365435364638326
305	0.0005364747922304699
689	0.000536444173760264
674	0.0005360609051749458
832	0.0005354998550117414
682	0.0005324354429033057
1030	0.0005313991057838652
487	0.0005311186906211071
457	0.000528112538212301
354	0.0005275387098183862
773	0.0005269183256454439
810	0.000525942290399869
1140	0.0005227928496330566
1245	0.0005224774332678011
494	0.0005224499640821254
1057	0.0005223969381270516
758	0.0005213686930248367
772	0.0005212210771966518
1044	0.0005201406001278573
453	0.0005198656145382243
486	0.0005189100511801847
320	0.0005179096693067073
220	0.0005147834522991419
1149	0.0005143168997455982
602	0.000512787267759202
1224	0.0005124543934404217
130	0.0005110324272551652
363	0.0005107959098003979
495	0.0005091028861075947
165	0.0005078389564385731
43	0.0005074804870823567
379	0.0005065049459857226
782	0.0005062645414780948
741	0.0005058757162399661
671	0.0005045359039116494
166	0.0005035668760614273
934	0.0005034962042222833
575	0.0005032896971509998
944	0.0005011288188404753
1032	0.0005009020145028023
489	0.0005003269582868273
112	0.0004993660278432343
1152	0.0004986191329200657
802	0.0004971296880161789
993	0.0004957209476664057
306	0.0004948766939143075
1120	0.000493867842281018
860	0.0004918538259747906
577	0.0004917072887486031
377	0.0004908286913430388
731	0.0004898779570402734
440	0.000489763483627802
253	0.0004892755876249813
595	0.0004884796278831372
256	0.0004884736346006192
1291	0.0004880579835462334
138	0.00048801438141691497
985	0.00048600017008951316
590	0.00048592849726015205
998	0.0004847244667795765
1009	0.00048463871215813034
771	0.00048382881177564226
1518	0.00048378338730582093
923	0.00048296207899318604
1273	0.0004818490644025445
807	0.0004808595875393209
587	0.0004805655463657417
1183	0.00048021966721695296
1446	0.00047919638745232444
759	0.00047868320132721015
921	0.0004786310458458044
687	0.00047862173856044147
1217	0.0004771946609716946
1084	0.0004770345047813972
1076	0.000476728034112513
833	0.00047527560778884567
1221	0.0004749324434780712
1229	0.0004749246884440133
1267	0.00047441788251192566
977	0.000473902991193608
299	0.0004724361450954619
968	0.0004720194580494721
369	0.00047081506147313374
617	0.000470705819846462
697	0.00046809223353836777
1296	0.0004680162483732059
695	0.0004676483845174762
958	0.0004673664874040534
718	0.0004670296143696814
1469	0.00046679587650205615
490	0.00046627690347056735
827	0.00046566864866532645
664	0.0004639669662285295
996	0.00046388353902187483
765	0.0004628738275351049
1184	0.00046276490968258496
803	0.0004620398481683044
714	0.0004602235238096397
1176	0.00045988486649837395
1195	0.00045924003353811204
1479	0.0004588689980165173
593	0.00045521192568086585
41	0.00045457736667074044
1110	0.0004537380933566644
638	0.0004535965647083834
548	0.0004535136046435247
943	0.0004533992358700952
610	0.00045183391841258666
983	0.00045164597725126437
1085	0.000449860302114166
536	0.0004492606951617619
1099	0.00044862981562327885
1117	0.000448020158176417
1283	0.0004474533714006071
1088	0.00044731976880245795
951	0.0004471821906925308
1010	0.00044683655994414383
1337	0.00044600577046018737
622	0.00044379537664420305
278	0.0004431532895047643
236	0.00044160237287361857
908	0.000440604703836761
740	0.0004405238831969975
723	0.00044050435455994644
1000	0.0004398323664365523
639	0.00043791516617534387
776	0.000437761280936221
345	0.00043761034787941473
835	0.0004373898046989789
999	0.000437269425274744
1111	0.0004372639285128883
335	0.00043611150913128963
1139	0.0004354032941775445
364	0.0004350957361212718
589	0.00043422052607746233
1437	0.00043398236573760233
828	0.0004337293668511724
311	0.0004335916414658898
1098	0.0004333708879447146
503	0.0004323296449335699
1015	0.0004312683153909004
1193	0.00042965947892711274
586	0.0004282127782605756
1415	0.00042781595925318677
115	0.0004265716255354257
1017	0.0004243291842595105
976	0.00042355128747488047
988	0.00042332939213372145
670	0.00042317770736387223
1379	0.0004227430767228235
1116	0.00042125559705398204
813	0.00042102524711494906
30	0.0004197613653718006
1090	0.0004194414169036377
1475	0.00041829943621969395
1445	0.0004155518842921704
1159	0.00041532228216196776
912	0.0004150712152906108
883	0.0004148889649002814
1531	0.0004144730387600742
224	0.0004134001274457141
970	0.00041321677571656915
341	0.00041321370161310415
1105	0.00041288973571936715
57	0.0004119615755567356
571	0.00040999966001927434
1082	0.0004096529883353883
535	0.0004092792005905107
390	0.000409267570764245
1141	0.0004088143361958598
841	0.00040770029710195945
975	0.00040750088735730427
1024	0.0004074396738533532
1151	0.0004073517926810801
644	0.00040698579507859824
1148	0.0004060736985182807
1094	0.0004054595604097708
940	0.0004052620557929098
1050	0.00040500708766412095
1247	0.0004037838813964567
1483	0.0004031751706173014
1250	0.0004017341468947987
1438	0.000401673237792351
637	0.0004009492753024466
1376	0.0004004891882452085
1031	0.00039936322172165055
1043	0.00039905258773440336
890	0.00039796826376972737
407	0.00039778934617024173
1529	0.000396927543916531
1413	0.0003967820794790005
572	0.00039627054609450056
1462	0.0003961936249654757
334	0.00039593198209078524
1177	0.0003953849767373535
843	0.00039517677262978774
524	0.000394762494401051
1409	0.0003940183364251571
1077	0.0003933309601772782
361	0.0003932613545077965
808	0.00039308606895785056
1468	0.00039290072817344175
760	0.00039213261590220825
1213	0.00039132609507675214
537	0.00039017809306398044
875	0.00039006106422872323
1387	0.00038952156007587455
1063	0.00038737006562266756
1393	0.0003864060825623316
297	0.0003861817178719231
856	0.0003861160068669912
1313	0.00038538188618771833
920	0.00038518404580497115
74	0.000384107804771529
1589	0.00038236581572311006
1501	0.00038235453637517036
626	0.00038131445912191546
1368	0.0003809961258537023
1197	0.00038075196164564297
267	0.00038018596165611846
372	0.0003801202552668921
104	0.0003799801335247428
861	0.0003792395100954104
1356	0.0003776126817534357
1351	0.00037746765311045687
1190	0.00037476302612580114
1578	0.00037389665468757734
1555	0.0003736567258703856
653	0.00037206420707857545
1440	0.000372040673770524
775	0.0003714172152355008
1042	0.00037126313451561196
464	0.00037053817310440934
749	0.0003704963069770993
1459	0.00036984241057485276
1591	0.00036966652241526545
972	0.000368880604302972
1216	0.0003688442550817846
1545	0.00036817958013746026
1212	0.00036737612781751096
1385	0.0003669293776562202
880	0.0003660154906736049
846	0.0003659147116919778
1448	0.0003653742401520915
46	0.00036492404072661607
799	0.0003646539597760068
1260	0.00036452682068345175
1552	0.00036448452187264285
1021	0.0003641338525539892
598	0.00036363592633971344
1302	0.00036353545610776284
743	0.0003633812819063475
1454	0.0003630574356983943
1027	0.0003628678179968576
1406	0.0003627746793254689
805	0.0003623793781345477
247	0.00036224669551503607
1361	0.00036223011453968135
1186	0.00036221610866517387
342	0.0003617077206989624
296	0.0003612266431186901
1299	0.00036117997617533305
913	0.00036072759800192237
567	0.00036057110396234363
1416	0.00036042557617838283
1134	0.0003602499740626094
1427	0.00035945370597022176
734	0.0003590177355351131
1272	0.0003574993225229294
1104	0.00035706090926602475
573	0.0003562872933925255
110	0.0003560850588604786
1142	0.00035577929765017976
1377	0.0003557043822455472
1301	0.00035556336532525744
1550	0.0003553180159172243
500	0.0003529466425358446
1402	0.0003527257567748664
1355	0.0003525030654431677
538	0.0003519453311240617
1175	0.0003512186453097396
957	0.00035094461301154317
797	0.0003507393932423069
1089	0.0003506957843136694
877	0.000350680171627925
1429	0.00035035916544570245
971	0.0003503267438905757
1194	0.00035002642157089546
244	0.00034989650648032213
1551	0.00034974703000039336
612	0.00034917902208623743
1196	0.0003490125864985108
979	0.00034884627242970405
961	0.00034750540029745286
1664	0.0003469356222723573
922	0.00034496658620377643
415	0.0003449126318441237
1410	0.00034478043251535387
1018	0.00034472726349001276
886	0.00034470381565253236
1331	0.00034459683948572987
1639	0.00034412223174137894
819	0.00034302639434108324
1556	0.000342981314943215
1436	0.000341998049003857
330	0.0003417726271512117
1067	0.00034125167694778986
1557	0.00033997383375644705
1559	0.00033997383375644705
1562	0.00033997383375644705
1564	0.00033997383375644705
1569	0.00033997383375644705
1572	0.00033997383375644705
1579	0.00033997383375644705
1584	0.00033997383375644705
891	0.0003392606465224776
987	0.00033921433764723673
1372	0.0003389141187101231
1170	0.00033886921398407953
1513	0.000338453217726906
1508	0.00033790188326989005
1360	0.00033696877913849335
800	0.00033534745657214256
898	0.0003353060193933303
1396	0.00033485133442509216
1332	0.00033446577872513016
1020	0.000334053886683165
1371	0.0003339750364836319
984	0.00033384245539198345
563	0.00033346845716506276
1064	0.0003334255310649158
16	0.0003324541971892635
1632	0.000332369559388806
1637	0.000332369559388806
1648	0.000332369559388806
1528	0.00033231618828714904
398	0.00033228362637467
1096	0.0003319499823116476
1477	0.0003316907543071978
608	0.0003316676967469469
1070	0.00033100851677923137
1008	0.0003304584057214881
876	0.000328241339997604
1325	0.0003280573127570282
1340	0.0003280573127570282
1341	0.0003280573127570282
1348	0.0003280573127570282
1349	0.0003280573127570282
1352	0.0003280573127570282
1363	0.0003280573127570282
1136	0.00032768159085589906
948	0.0003273270196012909
1611	0.00032717341895707215
857	0.0003267772943561999
1420	0.0003262498832748853
368	0.0003259782172117305
1398	0.00032517009438439966
1431	0.00032486329937420647
1013	0.00032432722528856543
974	0.00032409051411302865
1652	0.00032352172978547414
683	0.00032297194416432856
1051	0.00032293896166852833
370	0.0003227150477099404
1053	0.0003225225786364564
902	0.00032237849443146084
1417	0.0003223656176136423
344	0.00032236301536505573
1191	0.00032140563696201214
1500	0.00032065113888610187
950	0.00031978605448793187
1523	0.00031952537072586545
1492	0.00031904177915059284
1662	0.0003185303170368545
355	0.0003179861101490771
966	0.0003179460125730253
677	0.0003154751008568231
881	0.0003149036781967997
580	0.000314877731899761
1681	0.00031350743271327085
900	0.00031228945572569816
1656	0.00031227883056820604
1543	0.0003122657126089766
925	0.00030980299635911834
1520	0.0003096251317587723
1676	0.000308774464883266
1130	0.0003079868100088845
1293	0.00030761755301760485
1604	0.0003075994318294631
1678	0.00030747438686675035
1679	0.00030747438686675035
1596	0.00030741800376337937
1122	0.0003070708572791556
1619	0.0003067787657564757
1433	0.0003065852554794074
1235	0.00030595824639864476
1236	0.00030595824639864476
1472	0.0003053348922588704
872	0.0003052086822394461
754	0.00030472768583826343
1614	0.00030404216158163536
641	0.0003033634706476979
645	0.0003028746000788792
1156	0.0003021741102934636
764	0.00030215558994615754
1654	0.00030209407341191575
1060	0.000301900325077067
896	0.0003012531923729671
1208	0.0003012021268936531
551	0.0002991725832494583
624	0.000299066659401352
1147	0.00029772338829603786
1218	0.0002971152438633368
953	0.00029498878502937163
874	0.0002934984282711514
960	0.00029346026974413924
1033	0.0002931909463748267
613	0.00029240587136453877
869	0.00029156593397923236
837	0.00029018945222332194
339	0.00029003609589994697
350	0.00028796282204831045
1059	0.0002871780450494775
539	0.0002862527707535299
1407	0.0002834070445706746
980	0.00028197929499632096
279	0.0002814392575296381
1126	0.00027935952744530013
1248	0.0002787372592617495
818	0.00027663189970615187
836	0.00027635852730121624
1025	0.0002761633201489403
1178	0.00027538732135674556
1132	0.0002749972648604325
1006	0.00027436025979897744
1107	0.0002740534232881006
149	0.00027215326811157176
1231	0.0002716098212081902
829	0.0002711516342937978
936	0.0002706004202799702
261	0.0002701674090238678
376	0.00027000682283720814
1052	0.0002654025234280653
1478	0.00026538079150985555
753	0.0002653657335362817
1206	0.0002644574434911397
730	0.0002628758650332714
725	0.0002618508443940188
688	0.00026078246003664114
460	0.0002599997399994628
834	0.00025955035426641427
565	0.00025929143188570996
878	0.0002587060309678148
1239	0.00025843036741094
821	0.00025762885810562885
1284	0.0002575817932623518
1157	0.00025721322653883967
1240	0.0002571049073403424
266	0.0002568535600574785
1078	0.0002553283500501267
1069	0.0002550971701926246
704	0.00025470329834090683
1103	0.0002544269726345058
700	0.0002544099134328924
635	0.0002537057797414694
422	0.00025211653754868816
1160	0.00025211191775509963
863	0.0002509922256802328
978	0.00025009485359662125
865	0.0002484337527511566
812	0.0002475879947496004
816	0.00024606868086718745
543	0.00024454134169984564
882	0.00024452444818409474
601	0.00024429724216156075
6	0.00024204520788513375
801	0.0002420251930780226
1115	0.00024201720786715678
1137	0.0002418278143592753
1153	0.00024124191628168866
1209	0.00024091170409807621
1112	0.0002378162217845074
579	0.00023693528548586023
349	0.00023637614436563354
990	0.00023494917804081533
1093	0.00023486496872395125
1005	0.00023447508018016158
1230	0.000234462320671105
1163	0.0002342570301583022
997	0.00023157605706120956
904	0.00022944558148763964
1086	0.0002289844907007727
400	0.0002283633547229439
1061	0.00022820135493019207
1207	0.00022707011538029612
962	0.0002266680136623582
1040	0.00022648767410638775
459	0.00022609338610118216
1219	0.00022558941384781048
1199	0.00022509347847978736
557	0.00022461655042947052
905	0.00022409781873378761
308	0.00022283468450028592
574	0.00022209927310257318
36	0.0002216833888950378
1054	0.0002202004421563751
1022	0.0002194332840808741
733	0.0002189535418851761
703	0.00021752638884305045
1258	0.00021673203371347876
1303	0.00021597869870871306
1444	0.00021588392240906058
937	0.00021552974860427742
1058	0.00021541819192568817
1286	0.00021391513748605202
854	0.00021230338882556455
995	0.00021184059269537984
986	0.00021024920862022076
681	0.000209804217876507
1185	0.00020813653509745676
1203	0.00020773201113885855
916	0.00020712240949120764
1121	0.00020696185142970108
348	0.00020618725327854162
84	0.00020534414954883278
1419	0.00020532869021418828
982	0.00020346447747494022
1097	0.0002034209681840519
618	0.00020252022385768188
1182	0.00020241301235740416
853	0.0002020315035188201
1029	0.00020166269271282536
1421	0.0002009973352717174
989	0.00020088717827449975
745	0.0001984513439634032
1166	0.00019785777027783445
532	0.00019692528017099838
362	0.00019659579850382766
1066	0.00019654299297248117
556	0.00019447743837755523
726	0.000194126248351283
351	0.0001931942363499978
1265	0.00019245132576339893
1071	0.00019239777168072862
787	0.00019201807439367827
991	0.00019019237854698892
1225	0.0001895977706610618
862	0.00018872152473964126
454	0.00018850446133957191
811	0.00018813419469269294
1001	0.0001865340556142454
352	0.0001853684982751705
424	0.00018305797231944903
933	0.00018292527531127087
1315	0.0001821476750391407
793	0.00018049200618440366
1249	0.00017889819394297575
1192	0.0001786220303614138
1297	0.00017831325501110532
669	0.0001763520951488633
545	0.00017528133246510154
1400	0.00017508507621981703
915	0.0001732165944369446
397	0.0001731547986488994
1277	0.00017284955769131556
1401	0.00017204962229505004
533	0.0001709758749818392
1131	0.00016882694849014158
1285	0.00016710904387838172
1204	0.0001665720130860034
1428	0.00016596926144804078
1425	0.00016581555993769073
337	0.00016490569152899622
1480	0.0001645920247185114
859	0.00016413462002432932
1211	0.00016373390674056813
1274	0.00016368936672266134
1092	0.0001632806615691894
1143	0.00016289473604821968
1404	0.00016244655728643782
103	0.00016184855354794798
698	0.00016181997868791413
903	0.00016019443444055095
791	0.00015997187775550694
947	0.00015976985424757308
394	0.00015975524468997713
885	0.00015951825308089593
767	0.00015931077996934247
263	0.0001591069522734439
555	0.0001574751493967637
1169	0.00015676623051249413
667	0.0001565537423628817
1128	0.0001564267024712617
534	0.0001556972415723124
906	0.0001555006776560744
1180	0.00015433072528947485
1263	0.00015253912175101824
621	0.0001525091762728231
374	0.00015246165222835054
954	0.00015135211887796257
1172	0.00015059246523277598
1540	0.00015010119717785218
309	0.00014943999149127303
1266	0.00014939147311198846
798	0.0001492327609964351
1179	0.00014831635104524003
1268	0.00014613954373566976
1165	0.0001446124692533078
691	0.0001445894478607504
938	0.0001445492575141672
1187	0.00014433399016856112
1167	0.0001439709117157269
592	0.0001435526566068311
766	0.0001425747658537984
37	0.0001424148207561941
1055	0.0001408366006429725
967	0.00014050331919764837
1161	0.0001397580121956208
1451	0.00013956120671445395
964	0.00013942216747067908
1171	0.00013882941551811504
1100	0.00013865038751878197
889	0.00013831865904014422
446	0.00013823967122049465
1288	0.00013765665864301412
1068	0.00013721008685371007
35	0.0001361637574938911
18	0.00013535915056463033
1281	0.0001346335884091912
1181	0.00013461801953798172
1435	0.0001345908873560597
1314	0.0001342536361962146
1471	0.0001340893494503516
1503	0.00013291218862176329
1198	0.00013245781417152834
1252	0.00013205364355187044
1336	0.00013154666961383654
1439	0.0001297471077256316
804	0.00012939470137266515
1441	0.00012878874970636056
894	0.000128560050903184
1174	0.00012842840715882612
1335	0.00012695540625217813
1426	0.0001267602957247486
1004	0.00012640009779658724
359	0.00012583310199961868
1278	0.00012466866733309146
1108	0.00012465652438044662
1087	0.00012444663640826445
888	0.00012402128645490324
353	0.00012282911819607817
848	0.00012247544826760276
1255	0.00012143511575640977
918	0.0001210504820433202
909	0.00012065892000139115
1038	0.00012010849450768378
867	0.00011959547708403116
1375	0.0001185994621544365
1173	0.0001185762289743884
870	0.00011783203730802203
901	0.00011620680450824189
1214	0.00011585971275809779
1271	0.000115827786177246
1056	0.00011576395527456412
668	0.00011560315517206454
1154	0.00011500540742927418
1276	0.0001149072895047657
1062	0.00011452118787560401
1473	0.0001136595720530955
1280	0.00011261735940627104
1305	0.00011254120558650846
914	0.0001124129456305195
1253	0.00011214078158350974
1072	0.00011195437167170324
1124	0.00011074256797909395
1269	0.00011061989862682148
1227	0.00011059140418547879
1145	0.00011035456435263477
1282	0.0001091060165169945
1262	0.00010820399210671074
1499	0.00010770114445659534
438	0.00010623293754293154
1394	0.00010557514461470936
146	0.00010502009341899818
1002	0.00010444599869856432
1202	0.00010408963774679847
1246	0.00010316367147454032
1615	0.00010218970389871433
113	0.00010186139079737426
1553	0.00010077859777013698
1522	9.991800120677313e-05
1378	9.973577126837079e-05
1114	9.870395838850051e-05
1200	9.844738299564326e-05
1560	9.84398325588965e-05
927	9.773600886180972e-05
1322	9.753378540573246e-05
1150	9.614954809420707e-05
1353	9.492413287869999e-05
994	9.465358282995706e-05
1509	9.463422708608361e-05
1514	9.458659717788934e-05
981	9.441467131694316e-05
899	9.367851766178711e-05
34	9.36214755236064e-05
1434	9.34203437303361e-05
1388	9.335124041896813e-05
1279	9.33461781651085e-05
1081	9.310756070903797e-05
1382	9.310527307623686e-05
1380	9.297093126407982e-05
1300	9.291886174614786e-05
1517	9.211591236735753e-05
1456	9.13642003855892e-05
1384	9.125965418868867e-05
1391	9.125965418868867e-05
1535	9.05268995994958e-05
437	8.967590102550296e-05
439	8.967590102550296e-05
360	8.951616026155381e-05
917	8.951052122877085e-05
1423	8.943020955542256e-05
1530	8.841273669528185e-05
777	8.822192731339824e-05
1395	8.799396140480427e-05
1312	8.783881500406522e-05
851	8.780956616230347e-05
893	8.779385498125756e-05
757	8.706536580800273e-05
1539	8.703858678083164e-05
1346	8.699768475920135e-05
594	8.696122790708463e-05
1298	8.677964700819162e-05
1412	8.668358205884379e-05
75	8.652793083476297e-05
884	8.645148741869956e-05
1003	8.617506737151618e-05
666	8.573917607423042e-05
935	8.520248246375139e-05
1289	8.390836775889335e-05
1487	8.367604469249661e-05
1338	8.339095991796659e-05
1270	8.317356259600415e-05
1319	8.296893029245903e-05
1449	8.263647334896579e-05
1405	8.232256465762794e-05
1317	8.21132511433568e-05
1075	8.201908484905782e-05
1205	8.178613201780143e-05
442	8.140202063065805e-05
1474	7.99657340930668e-05
1488	7.947902772540306e-05
1102	7.89811636083066e-05
1261	7.876943595155222e-05
858	7.815759961171467e-05
1344	7.800941219708745e-05
1490	7.750450743991543e-05
911	7.733710948849207e-05
1254	7.617816872294961e-05
1264	7.59414069315934e-05
1620	7.567581613755344e-05
1287	7.562766617352574e-05
910	7.558935058010031e-05
1549	7.544917009546018e-05
1554	7.544917009546018e-05
1585	7.544917009546018e-05
1275	7.49943436285992e-05
1318	7.484649336308924e-05
1162	7.411949290559477e-05
1383	7.408750395649012e-05
1242	7.215270841089704e-05
1399	7.194280514928357e-05
1470	7.175476012439931e-05
1558	7.138137236354473e-05
1334	7.135305083271265e-05
1359	7.135305083271265e-05
1495	7.116149408018476e-05
788	7.113828504585721e-05
1466	7.106120172163214e-05
1257	7.067560504875364e-05
1442	7.052772514317799e-05
1386	7.046626724246995e-05
1370	7.016828901512316e-05
784	6.988496229860075e-05
1316	6.98774419510869e-05
1592	6.985876515004857e-05
1369	6.958353521071233e-05
1484	6.854300794494922e-05
1381	6.839109620275812e-05
701	6.802935524472362e-05
1422	6.732290553338464e-05
1295	6.724751452418745e-05
1223	6.617119473429243e-05
1424	6.616173510568469e-05
1538	6.60014882924827e-05
1511	6.580871915976936e-05
1397	6.515970057847382e-05
1164	6.496818346296633e-05
992	6.496306162417405e-05
1643	6.494961412808663e-05
706	6.492498923037716e-05
1324	6.491211019600329e-05
1605	6.486629804099972e-05
850	6.462965561033938e-05
1524	6.429249816276133e-05
1333	6.423714753100604e-05
1516	6.347282812751732e-05
1408	6.315244634071837e-05
1238	6.255769750887865e-05
1600	6.253874525982045e-05
643	6.233029787895612e-05
1489	6.19836354442939e-05
822	6.1657935338555e-05
1588	6.142273597223913e-05
1590	6.142273597223913e-05
1496	6.135115818670897e-05
1403	6.105627068715207e-05
1328	6.085398103703182e-05
1146	6.0406566356365395e-05
314	6.0197097616916686e-05
1256	6.019701567359651e-05
1233	5.9758162654181424e-05
1330	5.883057367860197e-05
1512	5.845630387683992e-05
1628	5.7124584842236865e-05
1083	5.684765765717111e-05
1506	5.679726734540181e-05
1544	5.6678798284226694e-05
1144	5.631822374935625e-05
1418	5.618717290847122e-05
1158	5.551060525120607e-05
1464	5.5424692565079745e-05
1127	5.5353471992076116e-05
1241	5.5030531647816726e-05
1290	5.4988727450598094e-05
1521	5.477344948474662e-05
1389	5.4680546825897834e-05
839	5.459938641623891e-05
1251	5.449997632770887e-05
1106	5.4247622647421873e-05
1644	5.3846799903507044e-05
1519	5.336807147211431e-05
1326	5.335736334860941e-05
1432	5.317024612871191e-05
1623	5.313442438943212e-05
1367	5.2679973765909664e-05
1392	5.258833734894168e-05
1547	5.147487796682243e-05
1573	5.123455689435307e-05
817	5.090540950723268e-05
1598	5.067259066006408e-05
1321	5.0659001825757824e-05
1390	4.973692560097462e-05
119	4.95260901531642e-05
1607	4.928886548861208e-05
1292	4.842541836314373e-05
1527	4.7916689681267405e-05
1237	4.784179140891387e-05
1138	4.7805963361115693e-05
1485	4.608978147103745e-05
1631	4.602103552824677e-05
838	4.578782745685977e-05
1609	4.513512309954531e-05
1243	4.481134193735382e-05
1629	4.473003173207966e-05
868	4.445540504057851e-05
1642	4.4415003582346626e-05
1306	4.410174020743626e-05
1307	4.410174020743626e-05
1308	4.410174020743626e-05
1155	4.4075323262532527e-05
1481	4.3541840052072584e-05
1465	4.3389798371395396e-05
1123	4.328453257774628e-05
1597	4.285597105343329e-05
1026	4.265234612318658e-05
1259	4.247822155747378e-05
1537	4.227529490653758e-05
1234	4.221724955846313e-05
1546	4.151374184480264e-05
1548	4.151374184480264e-05
1561	4.1513741844802636e-05
1563	4.1513741844802636e-05
1565	4.1513741844802636e-05
1566	4.1513741844802636e-05
1567	4.1513741844802636e-05
1568	4.1513741844802636e-05
1570	4.1513741844802636e-05
1571	4.1513741844802636e-05
1574	4.1513741844802636e-05
1575	4.1513741844802636e-05
1576	4.1513741844802636e-05
1577	4.1513741844802636e-05
1580	4.1513741844802636e-05
1581	4.1513741844802636e-05
1582	4.1513741844802636e-05
1583	4.1513741844802636e-05
1586	4.1513741844802636e-05
1587	4.1513741844802636e-05
1189	4.123157076281378e-05
1534	4.1061464955577504e-05
1608	4.091049877031128e-05
1323	3.986753731619519e-05
1350	3.964564030491764e-05
1327	3.92007131212957e-05
1532	3.890457460113222e-05
1646	3.8670154060263936e-05
1602	3.842705234296737e-05
973	3.8397612581345714e-05
1443	3.781189017045896e-05
1347	3.753205275005816e-05
1345	3.605409555912997e-05
1658	3.5583620479435906e-05
1294	3.537514982555948e-05
897	3.474095417815525e-05
907	3.460229719557236e-05
1374	3.402601644138337e-05
1630	3.393563937782871e-05
1633	3.393563937782871e-05
1634	3.393563937782871e-05
1635	3.393563937782871e-05
1636	3.393563937782871e-05
1638	3.393563937782871e-05
1640	3.393563937782871e-05
1641	3.393563937782871e-05
1645	3.393563937782871e-05
1647	3.393563937782871e-05
1649	3.393563937782871e-05
1650	3.393563937782871e-05
1651	3.393563937782871e-05
1362	3.319380187326307e-05
1357	3.295434094921905e-05
1497	3.290950991849194e-05
1358	3.2782174622296595e-05
1594	3.213511711575147e-05
1365	3.194224300919636e-05
1342	3.1495238195514564e-05
1354	3.139099861380613e-05
1610	3.125959377464372e-05
1320	2.9836604695867347e-05
1339	2.9836604695867347e-05
1364	2.9836604695867347e-05
1366	2.9836604695867347e-05
1373	2.9836604695867347e-05
1329	2.9836604695867344e-05
1343	2.9836604695867344e-05
1504	2.8858348614153143e-05
814	2.8371953699488577e-05
830	2.8371953699488577e-05
852	2.8371953699488577e-05
1125	2.7453348261489355e-05
1450	2.7389945951048522e-05
600	2.7027911802988877e-05
1455	2.6911319209628487e-05
1463	2.5700394252699163e-05
1491	2.5645347735708005e-05
1502	2.3420425551653916e-05
1541	2.338880145279085e-05
1603	2.2746877844356477e-05
1482	2.27191117642701e-05
1542	2.270660667531535e-05
1622	2.187213480815428e-05
1447	2.0936211069819064e-05
1452	2.0936211069819064e-05
1453	2.0936211069819064e-05
1457	2.0936211069819064e-05
1458	2.0936211069819064e-05
1460	2.0936211069819064e-05
1461	2.0936211069819064e-05
1486	2.0822417344624603e-05
1493	2.0822417344624603e-05
1494	2.0822417344624603e-05
1498	2.0822417344624603e-05
1510	2.0212348623230506e-05
1672	2.0142902508114806e-05
1663	1.9895822420534098e-05
1665	1.9895822420534098e-05
1666	1.9895822420534098e-05
1667	1.9895822420534098e-05
1668	1.9895822420534098e-05
1669	1.9895822420534098e-05
1670	1.9895822420534098e-05
1080	1.984039827552427e-05
1467	1.8948143982535783e-05
599	1.730078805466804e-05
1655	1.654682977242525e-05
1612	1.602930329998298e-05
1304	1.5908671188274438e-05
1515	1.5792000039156887e-05
1430	1.5050909523504994e-05
1476	1.3891359568343556e-05
1657	1.3448761485605954e-05
1525	1.339265291014914e-05
1621	1.3308838482489839e-05
1682	1.2412093965915063e-05
1505	1.2358201334005156e-05
1627	1.2260138443121604e-05
1201	1.2238832132814376e-05
1626	1.2126956740322331e-05
1659	1.2088196045680754e-05
1660	1.2088196045680754e-05
1536	1.1435316313163215e-05
1507	1.143111879917095e-05
1675	1.1185791566007167e-05
1680	1.1046621093163778e-05
1599	1.0283710268868129e-05
1526	1.0141939046401006e-05
1595	9.85915893665841e-06
1616	9.305150434122837e-06
1593	9.131237077061844e-06
1677	8.701461946979302e-06
1617	8.448359903774664e-06
1674	7.72348755508915e-06
711	7.148725334426434e-06
1661	6.587744609941265e-06
1613	6.360451082227337e-06
1601	6.249581213905938e-06
1606	6.07541058433289e-06
1414	5.226092616208127e-06
1533	4.974854827179679e-06
1671	4.853598551865861e-06
1624	4.292812553860488e-06
1625	4.292812553860488e-06
1673	3.80283136772995e-06
1309	2.6007945326890243e-06
1310	2.6007945326890243e-06
1618	1.9410295463525406e-06
1653	1.689500880649404e-06
