50	0.0036263760154278167
181	0.0033597149899287173
100	0.0032350450181283575
174	0.002947233274151157
258	0.002815647291641306
210	0.002811109196499532
69	0.0027782304695608377
56	0.0027592078321392213
121	0.0027315583135626522
98	0.0027178557017244623
1	0.0026918842055674522
172	0.0026918540271998782
204	0.0026793153614546143
405	0.002650236773346642
237	0.0025859355634437853
79	0.002546580585391944
7	0.002493951557901025
127	0.0024900776311040174
191	0.0024522022015292383
318	0.002447247647481878
168	0.0024100975658640474
117	0.002405965587714689
288	0.002403378599033579
423	0.0024011600460609123
294	0.00239827658055095
195	0.0023938060555030267
196	0.0023916535750507055
173	0.002384697028853304
70	0.0023589941117230164
96	0.0023235763331829373
228	0.002320287879509928
222	0.0023116114761151407
216	0.0023038396147839965
22	0.002299098656900985
568	0.0022928340979515354
11	0.002271187146604966
234	0.0022587547974757733
357	0.0022569346046410125
202	0.0022565254100227233
176	0.0022374868559900504
183	0.0022291484748905278
4	0.002221907443199628
385	0.0022127674127157514
89	0.0022060475059190628
286	0.002201394273749936
82	0.0021990894073118153
28	0.0021984707689063437
64	0.0021947320425044956
9	0.0021851728605122357
151	0.0021696326439489774
403	0.0021578034153381595
215	0.0021317310307730516
12	0.002128801355091936
97	0.0021202171037779547
186	0.0021117022348713945
197	0.002108882972720659
238	0.002108727663103562
393	0.002095868330061759
483	0.0020924748733901167
194	0.0020849579885808107
135	0.002080234597439693
200	0.0020465133137685886
132	0.002027371148538417
211	0.0020192128103310356
25	0.002016529694286221
153	0.001992099040927823
588	0.0019768365996015924
144	0.0019739712150005167
209	0.001967920957436244
161	0.00196518039824576
118	0.001959506635334528
187	0.00195581496458832
203	0.001949342823098103
655	0.0019427771852336987
300	0.0019295205763188925
527	0.0019239876642405365
143	0.0019138903690073949
265	0.001900294857990772
185	0.0018992536288462392
302	0.001894209577318975
95	0.0018889310211942032
182	0.0018886705984579857
71	0.0018823759118563872
546	0.0018780607529900795
134	0.0018663336310077872
179	0.0018640059869713137
88	0.0018635180426232467
188	0.0018553387246399954
229	0.0018373229783499548
257	0.0018357672108157922
471	0.0018273867663024857
269	0.00182408328060488
111	0.0018234905999031674
23	0.0018095624575150944
8	0.0017892343185340325
742	0.0017885718018605982
313	0.0017880552375650507
180	0.0017861340988390634
443	0.0017829139474083468
15	0.0017793737442665036
154	0.0017793047431315602
276	0.0017748041334629142
496	0.001761617913406804
480	0.0017443006458996964
31	0.0017315340650097687
230	0.0017285232727012084
208	0.0017257699460136878
479	0.0017199072527265735
83	0.0017137449451559478
175	0.001707810929947649
235	0.0017044914009372793
431	0.0016999488265401874
508	0.0016973812003829314
566	0.0016865897839797783
125	0.0016806223861478371
511	0.0016797272430243483
24	0.0016725162950182763
732	0.001671897108324221
367	0.0016671559611769783
660	0.0016630361587647634
58	0.0016570257459478232
514	0.0016564217618607654
435	0.0016457559998577572
91	0.0016452981317064614
427	0.0016384723740025637
68	0.001635432832484748
845	0.0016331336826723272
55	0.0016271593124373956
433	0.001618706494309912
226	0.0016176676579028435
72	0.0016157890236342635
218	0.001615695772753765
2	0.0016123051757465112
47	0.0016105208412582675
273	0.0016088542402127625
603	0.0016061715670504441
289	0.001605146065561901
475	0.00160187027250948
87	0.0016006773347635034
99	0.0015977833759151833
333	0.0015973056967439354
451	0.0015918335279105848
748	0.0015837345059109109
94	0.001577511394752382
402	0.001572454241701245
739	0.0015716446856582059
124	0.0015706823037051898
282	0.0015685310354174643
275	0.0015639002627727573
419	0.0015614861706729625
498	0.0015506955699315127
86	0.0015468149312349005
474	0.0015452957162754653
684	0.0015424356822345232
328	0.0015395528925781974
685	0.0015383576652025323
550	0.0015277844529344206
597	0.0015241184350340534
432	0.0015157824002452831
692	0.0014904964048655797
651	0.0014847066041330686
66	0.0014794113776927908
501	0.0014756430600398132
239	0.0014723711383455471
455	0.001469254609971577
268	0.0014650056059395528
284	0.001459980492407082
77	0.0014578976776158088
227	0.0014571625677729848
380	0.0014431867025166626
631	0.0014356163433670215
250	0.001425360582073845
193	0.0014222352510441121
582	0.0014165197367775957
559	0.0014058322186516572
133	0.001389054351011508
231	0.001389042093055954
13	0.001383736018497679
1028	0.001383632240440507
484	0.0013797168326285267
531	0.0013748024927922806
42	0.0013689768287673588
147	0.0013624335820921832
178	0.0013620910137813534
274	0.0013616432009249267
199	0.0013598120700612812
515	0.001359747588882351
485	0.001356802676762985
48	0.0013542519704981216
591	0.0013524352729220503
92	0.0013469597534732061
1016	0.0013408161770499635
164	0.0013390475849000267
735	0.0013388749671753508
578	0.0013191428740060038
421	0.001317114612324193
411	0.0013164659335339435
554	0.001315618802108994
549	0.0013149975217890738
510	0.001311156020239675
472	0.0013099064197505076
708	0.0013076063650502875
528	0.0013041782274040878
255	0.0013023090928019616
356	0.0013011475878640848
436	0.001300233315660236
715	0.0012960442732257778
90	0.0012876572533078018
628	0.0012826285795571872
298	0.0012818401397115132
73	0.0012786723239763577
659	0.0012784624038352245
148	0.001276550851781559
156	0.0012742854976565898
241	0.0012696233392709725
654	0.001269579320929458
53	0.001267825532405061
159	0.0012667983975636254
410	0.0012646891902094299
33	0.0012584897972120577
248	0.0012554833672915437
462	0.001254400512948534
62	0.001249190961384657
245	0.0012469724373272836
523	0.0012440792285286432
746	0.0012306013519381787
319	0.0012278808636056412
223	0.001225024430259027
233	0.0012237426176034023
301	0.0012231094539219673
240	0.0012226366796027977
678	0.001222092370172094
792	0.0012212585187768685
271	0.0012189930478621912
93	0.001218239246863583
399	0.001217850207534795
425	0.0012148896818087662
169	0.0012115951530436643
448	0.001206659997800619
38	0.0012048134744268362
418	0.0011998568006865908
51	0.0011991964895238776
217	0.0011979799534279753
157	0.0011928550736077786
29	0.0011909599072297313
381	0.001189381760365653
281	0.0011864068960129458
81	0.001184792141518556
283	0.0011844051030250533
14	0.0011818862996419714
323	0.001181029142726944
198	0.0011775487001161773
177	0.0011753239257065993
212	0.0011752311884106047
137	0.001173898138516689
447	0.001170679216471314
428	0.001161771831439789
65	0.0011613681085607952
476	0.0011607999426320756
322	0.0011579452752084678
246	0.0011569860382467918
252	0.0011406743426825715
420	0.0011354246115290426
1074	0.0011336748601700544
219	0.001130424425555003
54	0.0011279471720727979
526	0.0011261639534322979
470	0.0011261143470750411
657	0.001125632012179907
272	0.0011205261192816444
1011	0.0011193636768940317
831	0.0011191849808304308
150	0.0011162038876066426
205	0.0011150202518397853
763	0.0011089093839451642
465	0.0011069913942405073
705	0.0011059398075671351
184	0.001105565310529173
201	0.0011054580062042215
141	0.001097188254778784
482	0.0010942260763458765
152	0.0010909249344476144
190	0.0010898476597379465
521	0.0010824219023609753
679	0.0010822999177473155
558	0.0010801525258017247
449	0.0010787581819354031
520	0.0010773447288424988
778	0.001075699674721735
67	0.0010727478046598882
504	0.0010707590187069545
509	0.0010700750816401887
213	0.0010667935879860163
232	0.0010641730233396742
663	0.0010633649566030965
304	0.0010625021774678409
569	0.0010552004120805022
101	0.0010540710035047095
661	0.0010539187709054318
477	0.001053558898016693
59	0.0010529909541437186
747	0.001051781101025029
1047	0.0010477729073857856
285	0.001046701565988026
751	0.0010464137596271498
473	0.0010458667178455474
780	0.0010456904564252621
160	0.0010444701449929
382	0.0010436001467368013
170	0.0010428997169842041
404	0.001036952969377481
291	0.0010340827035186491
293	0.001019776261242541
109	0.0010176703755396836
192	0.0010160330839595684
709	0.0010153714311155206
214	0.001013006240373504
693	0.0010125573507880211
519	0.001012026734453274
307	0.0010079794676253221
576	0.0010072774991068843
167	0.0010020446752508248
249	0.0010019465348834143
371	0.0010007444267784897
525	0.0010004947524303476
317	0.00099953265772852
665	0.0009990714590829063
155	0.0009982161014217095
378	0.0009807458400497575
452	0.0009804307604525488
636	0.0009765188080735131
1035	0.0009750558490852837
123	0.0009744034771719694
755	0.0009704368615776719
616	0.0009660888159107855
642	0.0009659885156612517
391	0.0009655073538971726
895	0.0009630078722906513
340	0.0009621253711713166
129	0.0009590701374142347
722	0.0009559655531008061
762	0.0009556328047517369
939	0.0009540516973839642
162	0.0009488259535555358
122	0.0009486961342850712
756	0.0009452914814861809
696	0.0009433053218559047
506	0.0009424234962860134
707	0.0009394077667323178
488	0.0009391417158357987
386	0.0009383541322424291
171	0.0009378509083648031
44	0.0009351608059798186
259	0.0009345859969403101
416	0.0009317645046985092
699	0.0009280072543192823
969	0.0009238975475943352
315	0.000922808152445857
61	0.0009185849978360881
52	0.0009180642563102568
116	0.0009097294027605867
1073	0.0009053258254133748
544	0.0009051527332754213
864	0.0009048489481439845
928	0.0009036420667036379
596	0.0009018942125998883
518	0.0009007636546417353
321	0.0009001994682610283
502	0.0008998155741883559
729	0.000898330468253894
450	0.0008981658957265637
326	0.0008962864725766263
139	0.0008954434953299454
331	0.0008940179267944285
676	0.0008929034344377722
49	0.0008926015911795889
136	0.0008911552542286608
131	0.0008909057496493339
39	0.0008884223702217573
430	0.0008853568523707407
658	0.0008822694669100599
347	0.0008791532154280072
395	0.0008775525226120979
942	0.0008771108600942449
17	0.0008736646376831906
290	0.0008703166918551112
673	0.0008686325114938674
806	0.0008677807667671312
429	0.0008647050455157774
277	0.0008635207759652751
781	0.0008622201403091428
492	0.0008590000858282032
327	0.0008579205125662196
849	0.0008572692949536096
5	0.000854455230103654
652	0.0008539394617171746
225	0.0008535852392402102
507	0.0008533173651688492
401	0.0008527906331015169
270	0.0008520748390439995
260	0.0008507964058021358
163	0.0008472615113271588
63	0.0008454951922212819
189	0.0008454640727912257
761	0.0008452870856017229
866	0.0008448778956336434
542	0.0008440257391954
206	0.000843972350064223
295	0.0008418976354156659
794	0.0008406594410205733
517	0.0008401068678167424
417	0.0008397156567961304
1046	0.0008390111146990412
824	0.0008359451190559724
102	0.0008358767658853575
305	0.0008342295511455581
674	0.0008334208301630358
529	0.0008329688441577693
871	0.0008322652861519754
720	0.0008306022790421043
3	0.0008292368460180926
955	0.0008282317010392525
478	0.0008273394254834879
412	0.0008271854490656324
358	0.0008243760684692887
820	0.0008241894023985932
494	0.0008184523138128445
689	0.0008173925158315961
682	0.0008170350134013777
815	0.0008137278029087284
810	0.0008115851959325684
625	0.0008053562248346296
602	0.0008045606894423857
32	0.0008040794462916273
461	0.0008028898231975261
956	0.0008004754528394514
1014	0.0008002578714222219
363	0.0008001763255029877
741	0.0007974063992060815
640	0.0007967006800062317
310	0.0007955773581160205
43	0.0007954203989765118
710	0.0007935005639487417
346	0.0007901359117429973
262	0.0007897247383784232
944	0.0007871175765039751
802	0.0007858273386458687
80	0.0007844946668239934
1065	0.0007810748685360578
1039	0.0007780413431578985
316	0.0007779888206071817
662	0.0007764064273206693
577	0.0007752409865856548
919	0.0007733844466151332
114	0.0007731785576548284
408	0.0007729078350651989
823	0.0007728896657528471
1091	0.0007686245085956135
21	0.0007679934322163179
627	0.0007679771424487724
687	0.0007665519529491633
332	0.00076633480339971
1217	0.0007650239812166514
1221	0.0007650115407596787
1267	0.0007631871629248672
921	0.0007627009539657548
833	0.0007625614168199942
299	0.0007618502189526398
873	0.0007614798686221391
1188	0.0007609576128721626
785	0.000760904855225229
1210	0.0007602679884220354
303	0.0007581114053943181
387	0.0007574855509215661
384	0.0007565801179863109
629	0.0007564450705348196
26	0.0007560786854552145
926	0.000754879697874453
325	0.0007547875574747684
825	0.0007547052604269366
530	0.0007522705251627955
584	0.0007520702415988066
610	0.0007505204481696965
638	0.0007473306479785815
10	0.00074343959967865
1010	0.0007431744315410279
373	0.0007412081888689131
1110	0.0007408741623376275
736	0.0007407856174773919
943	0.0007401179755230994
724	0.0007393149831352131
1101	0.0007386858282160213
243	0.0007357754726231063
690	0.0007356184922013982
324	0.0007347309860183899
1012	0.0007341251827883091
622	0.0007340911255329669
345	0.0007335169384288024
639	0.0007320711143492385
311	0.0007296670849570417
469	0.0007281139541929662
879	0.0007276661389041641
959	0.0007263235414292215
1098	0.0007245994932727154
343	0.000723408128725179
647	0.0007216224149845559
364	0.0007208037219171588
813	0.0007198754024977913
650	0.0007195973136847188
78	0.0007188078335234503
988	0.0007187789361031193
1139	0.0007179555479073378
790	0.0007157492899040312
1017	0.0007152830070528511
586	0.0007145878802866954
670	0.0007142877216247641
1090	0.0007103981104015345
392	0.0007073491655271388
826	0.0007066893706103272
45	0.0007042650912549385
644	0.0007016444037440187
468	0.0007013098451833974
1050	0.0006976776678739827
396	0.0006975880233162384
727	0.0006967789270389653
841	0.0006947462940159429
779	0.0006935691167580025
128	0.0006927275759043271
637	0.0006907182624663069
505	0.0006886249854128756
750	0.0006879001807998692
572	0.0006874162375899583
930	0.0006864221937735507
264	0.0006861745923734793
890	0.0006857046156875648
463	0.0006855866949988126
646	0.0006850088524249414
297	0.000682812447546101
407	0.0006816967999319377
952	0.0006782786418437893
491	0.0006762008130573019
1063	0.0006752225354750927
1197	0.0006737479789629701
1007	0.0006720654231648333
458	0.0006717449417073027
1048	0.0006667739313958327
553	0.0006655075325736636
280	0.0006627139276848322
1042	0.000662657247086132
1021	0.0006607549125311793
604	0.0006607446894297368
207	0.0006590466125682796
672	0.0006587620023388551
388	0.0006585662748281979
46	0.0006563193183973103
76	0.000656265468250651
744	0.0006562237451407705
949	0.0006562164430024827
85	0.0006557936759203659
880	0.000655283090717056
1134	0.000654960980659521
242	0.00065493614522089
414	0.0006542625727920882
770	0.00065412153390197
40	0.0006535609387856553
717	0.0006525255432760043
1142	0.0006517268748871046
105	0.0006512704996254236
581	0.0006490970668808304
561	0.0006475414719630542
932	0.0006472361510760536
612	0.0006464389824617128
1041	0.0006459623016465863
606	0.0006451451466128581
734	0.0006448720681990471
573	0.0006448403893723946
1244	0.000643505910744552
27	0.0006425796406811962
737	0.0006420373957958753
842	0.0006415206148822504
924	0.000640333845304841
434	0.0006390703113556529
287	0.0006380560903317627
961	0.0006377399007877499
538	0.0006371476913308823
292	0.0006369610063611657
1018	0.0006366105263708923
145	0.0006357453473299314
497	0.0006351168117854975
126	0.000632751808134314
619	0.0006326668695953268
516	0.0006316519133531403
415	0.0006306726607220158
607	0.0006296373890651258
702	0.0006274805071292588
716	0.0006257611309348614
608	0.0006256677660054615
563	0.000623780889671223
738	0.0006236615704017416
221	0.0006225534453937178
686	0.0006211033637359596
1051	0.0006203980698958807
158	0.000620022028886154
513	0.0006198809133260656
140	0.0006191319631526069
633	0.0006190763131647416
60	0.0006176330244624137
898	0.0006148836954619188
370	0.0006148486036091351
142	0.0006116466991859866
902	0.000609359605347832
721	0.0006089958808837371
966	0.0006088543248855302
20	0.0006039709454685036
946	0.0006030260758092734
713	0.0006018740553647882
580	0.0006017786829375807
1113	0.0006008897313669519
344	0.0006008266148129857
481	0.0005999471877189835
768	0.0005993397636901161
409	0.0005989933145939769
366	0.00059720677355564
641	0.0005967207694487938
764	0.0005966486906586763
645	0.0005941817073707937
1208	0.0005930584332123181
754	0.0005928792374095505
649	0.0005909056652127701
855	0.000590675400572222
106	0.0005888557097373807
120	0.0005872573246038285
1119	0.0005860294360019368
874	0.0005817869256196125
1037	0.0005814413218921863
712	0.0005806411535701592
789	0.0005798473808745324
336	0.0005794302054433226
338	0.0005789868007238588
499	0.0005737861971912118
1407	0.0005731374043572454
648	0.0005730401672666087
541	0.0005723298365739866
609	0.0005715356955738741
836	0.0005698953900244649
818	0.0005693490769124517
728	0.0005691503934991013
1132	0.0005684087994988845
570	0.0005682060672339683
552	0.0005665489156124657
675	0.0005649349758467277
632	0.0005618565344020758
1231	0.0005608790075985366
1129	0.0005603072253150898
445	0.0005591729258425313
108	0.0005587656247744261
1034	0.0005545723238625292
376	0.0005541715511099203
1118	0.0005524222113976369
466	0.0005507927765909335
878	0.0005502074526263561
493	0.0005488088516081622
467	0.0005477414229665995
700	0.0005469862809503967
1228	0.000545927084145068
635	0.0005458734469624127
512	0.0005446330038979069
1078	0.0005445157270894591
704	0.0005440373402130595
931	0.0005414358331944211
1157	0.0005391349605363121
1135	0.0005382398834806819
562	0.0005380120514159961
816	0.000535640197049747
487	0.0005340886278163827
614	0.0005333444398055207
254	0.0005328624136867959
1311	0.0005291753891231416
486	0.000529139536601509
786	0.0005288137641848054
1112	0.0005276184336922377
365	0.0005253539057509177
540	0.0005249176650867017
441	0.0005237647011511028
615	0.0005205653990404947
1199	0.0005205112357895842
1207	0.0005202198881495277
1044	0.0005192239784106972
997	0.0005181658927578693
220	0.0005179942824712931
308	0.0005170082656558276
354	0.0005166624995059492
1040	0.0005166182630215619
772	0.000516402886791649
320	0.0005161109367451837
1140	0.0005137461543172676
733	0.0005132608426272546
758	0.0005129620486008508
495	0.000511996912432222
413	0.0005118186351916411
165	0.0005117592702768942
36	0.0005116811050252718
312	0.0005105410660610101
489	0.0005101842461676366
1022	0.0005070759050094177
671	0.0005070581104813962
1258	0.0005064529260120184
166	0.0005057918371835935
941	0.0005036901912175352
1303	0.000503399236574602
782	0.0005029572917458078
1444	0.0005025251615746128
379	0.0005025249880642742
934	0.000500890963795953
783	0.0005005070355809802
306	0.000499636524484472
575	0.0004983808163478284
1121	0.0004979545979799177
916	0.0004975681660894138
989	0.0004940276161591598
982	0.0004939897280204066
595	0.0004920494191771437
444	0.0004914696765682651
847	0.0004902378301705906
1182	0.0004900760877423813
1029	0.0004900240375038752
1009	0.0004886655429052408
853	0.0004883163610495505
993	0.00048819812839233676
731	0.00048817959803027595
1265	0.00048813782914039266
923	0.00048646093874913824
348	0.0004858422192912309
351	0.00048575624744671953
809	0.0004849821082675874
1066	0.0004843522373844297
454	0.00048185956876313626
811	0.0004811125358626774
556	0.0004804918024409095
840	0.0004787122532774396
771	0.0004778708923479863
590	0.0004766080727175603
977	0.0004752704238283029
1273	0.0004747261696330374
424	0.00047416527311282887
1315	0.00047300561259603095
1183	0.0004699348601224714
369	0.0004683098181023598
490	0.0004682219963636668
664	0.00046778715199214966
617	0.0004674728876650446
1277	0.0004658613474719486
1249	0.00046543493185062263
769	0.00046429724216250057
827	0.00046381367646298034
697	0.0004635852166340328
1131	0.00046064072785160907
765	0.0004602966551218517
1401	0.00046018624206056643
397	0.00045993184580721974
337	0.0004589653346122665
1143	0.00045755714290954253
698	0.00045691210832359203
583	0.00045567036740328833
1184	0.0004552970106203184
1428	0.0004549639487798257
859	0.00045488867963292153
796	0.00045376300216263426
19	0.00045239264402665213
263	0.0004518628115026325
1404	0.00045167670598255207
1092	0.0004515373931097818
1274	0.00045111076030402266
236	0.0004510326195271569
714	0.00045094035383303946
585	0.00044985894794625955
906	0.00044950857546529775
593	0.00044823210753761175
41	0.0004480453663730073
555	0.0004470885731798144
740	0.0004455253804250646
278	0.00044414392673043006
951	0.0004440074442202312
1172	0.00044298723313895334
621	0.0004422085650173642
1266	0.0004417942792370211
1117	0.00044172880821605177
1187	0.0004397714449785145
885	0.000439670736883904
1220	0.000439414913265788
503	0.00043930600777334846
589	0.0004392857964924827
766	0.000438827828402027
723	0.0004383949558717483
1283	0.000438088592633347
1088	0.00043719622712145667
1079	0.0004361328888559381
1161	0.00043537761057109843
656	0.0004339173787604805
1451	0.0004335929679036357
1165	0.0004327160233221777
592	0.00043253282449272996
967	0.000431930100871254
620	0.00043070706063151425
889	0.00043042748042484535
335	0.0004302251751333987
964	0.0004296063240054217
1252	0.00042720527828066934
1015	0.0004269860161942691
30	0.0004249736525393984
691	0.00042290081971245084
623	0.00042253855665148464
224	0.00042122563679334484
1439	0.00042030890812776677
1181	0.000420154642786718
1379	0.00041987789235070486
1503	0.00041950923994160325
804	0.00041758086602898856
1108	0.00041674967786971674
353	0.000415199779050024
1255	0.00041515042291851757
848	0.00041442392040062065
1375	0.0004142244494584297
918	0.0004141363372313295
1116	0.0004137265965190296
975	0.00041249169869139534
57	0.00041238409143640626
1173	0.00041219092555658824
844	0.00040927648516719063
535	0.00040926133276728623
406	0.0004071828730896694
1159	0.0004068697340781277
887	0.00040686068262370224
571	0.00040532680208064486
1280	0.000404366926267207
901	0.00040188459009961113
1124	0.0004012369702691468
1262	0.0004005475503036242
1282	0.00039992648922399247
1062	0.00039910062485133603
1227	0.00039878429462727506
1024	0.0003986154158700268
940	0.00039801214551380245
945	0.0003977362596837915
1145	0.0003974938679613757
524	0.0003973633414783666
456	0.00039580900273917586
694	0.00039569764871770215
1094	0.0003956030627537079
774	0.000395353010362659
334	0.00039511423511395875
760	0.0003948145448627383
875	0.0003944465919546675
843	0.00039411907223712574
537	0.0003925691888020078
1114	0.0003919225878463861
1322	0.0003915768544712956
1200	0.00039095922986646584
251	0.0003909229209857589
808	0.000390794792943405
1529	0.0003900406690787885
1615	0.0003887987178875599
1150	0.00038870052201815664
1043	0.0003883991456164314
1380	0.00038647944469287477
547	0.00038535022383998264
856	0.00038526635484025944
611	0.00038414298393915034
994	0.00038410662722992343
1213	0.0003838443082292834
1535	0.00038318939241172413
929	0.00038237010393487046
1300	0.000382000430601013
893	0.0003811991446095078
360	0.00038046881167791793
653	0.000380279842518943
372	0.00038024217502686413
439	0.00037957447293252705
719	0.0003788631580425219
361	0.00037865883814668127
777	0.0003782006332366776
851	0.0003760762318598742
1289	0.0003757497800256889
75	0.0003750852335339213
935	0.00037506971580377325
1205	0.00037364833708549864
104	0.000372007767873357
1405	0.0003706332774355165
464	0.00037046206069975203
911	0.00037021824739627904
749	0.0003698989858162264
846	0.0003696321596580676
972	0.0003693414004194195
775	0.00036832540856706686
1554	0.00036691093658014994
1190	0.0003654072343284317
1275	0.0003653707228044751
1620	0.0003646858600500311
1242	0.00036362792054847056
1383	0.00036359694997391604
1254	0.0003633684230851225
910	0.0003632315872629949
1359	0.0003628213603830654
805	0.00036276370458249407
1381	0.00036264706623167077
1466	0.0003625336911910164
1470	0.00036204365219539284
1399	0.00036171815558696765
788	0.00036143353451538235
1316	0.0003610236401588681
963	0.0003608035091279212
567	0.00036046325707661146
1216	0.00035983051936361717
1442	0.0003597986680785234
630	0.0003596291907303406
701	0.0003593159553947256
500	0.0003575743190405092
1538	0.0003569937598425563
1484	0.000356884882586352
1186	0.00035686676170175333
877	0.0003566938199442055
1397	0.00035655370984849575
426	0.00035654934333600064
799	0.00035645493536436357
1164	0.0003563882517015932
598	0.00035622663113436695
1333	0.00035607750093382665
743	0.0003556646889100549
1302	0.00035557153525871707
1643	0.00035551763815401473
1552	0.0003554146796104206
979	0.00035423807683214996
1194	0.0003536764042978491
522	0.0003524903690985257
1299	0.0003518671871622481
247	0.0003514492646392187
244	0.0003508260138485894
971	0.0003507895908644971
110	0.0003507471636378357
1377	0.00035069789509341174
1067	0.0003498533267397355
342	0.00034972232898607385
107	0.00034793568895839837
1226	0.0003468133913599857
1144	0.0003467758770020588
1238	0.00034644837618327546
797	0.0003462654815324508
922	0.0003461867998868624
1550	0.00034575693727178553
1158	0.00034549338571315125
1106	0.00034543545946275116
330	0.0003451923067154752
819	0.0003450109329674938
1290	0.0003449713189101793
1251	0.00034454289720669043
1644	0.00034415890356549815
1089	0.00034292270659955356
1170	0.0003423764183754273
1519	0.00034135258875782625
1432	0.00034072421940630187
1551	0.0003395953934470127
984	0.00033908364778928516
1045	0.00033880967796300277
1020	0.0003378156609763565
1292	0.0003376713934767149
1008	0.00033705821952435475
800	0.00033685006671755
16	0.0003368056448863267
1642	0.0003367433935067796
838	0.00033658000497119295
886	0.00033573683873558505
1070	0.00033407236490843174
1609	0.0003336435315946191
1527	0.00033353040783282205
383	0.00033310766759072876
1537	0.000332190210621868
1323	0.0003318932729331816
1109	0.00033156022324270845
1481	0.0003315071126886019
1532	0.0003310630283802726
1546	0.0003309166728697416
1559	0.0003309166728697416
1568	0.0003309166728697416
1574	0.0003309166728697416
1575	0.0003309166728697416
1579	0.0003309166728697416
1580	0.0003309166728697416
1582	0.0003309166728697416
1583	0.0003309166728697416
1587	0.0003309166728697416
876	0.0003292363948984542
1136	0.0003292140821821085
1133	0.00032904466292412945
1215	0.00032897674092206456
973	0.0003286662184666991
1345	0.00032801149554859675
950	0.00032762520343768863
1371	0.00032748533734548583
398	0.00032721946520786476
974	0.0003265049305913003
1630	0.0003257819010801969
1635	0.0003257819010801969
1638	0.0003257819010801969
1650	0.0003257819010801969
368	0.00032541913833827933
1362	0.0003251454830040209
1658	0.00032462480190263666
1358	0.00032458964487007045
1357	0.0003245173995997736
948	0.0003242991205193086
1342	0.0003235322870262849
1497	0.0003219576618679523
1325	0.000321555313289689
1329	0.000321555313289689
1339	0.000321555313289689
1343	0.000321555313289689
1348	0.000321555313289689
1363	0.000321555313289689
1366	0.000321555313289689
1373	0.000321555313289689
564	0.0003209950633894258
1411	0.000320688021884451
683	0.00032061458348620693
1013	0.0003197407252008272
1053	0.00031910006682160506
1504	0.0003190022934748172
1234	0.0003165519915076475
605	0.0003163385115310915
1398	0.0003162378313601691
925	0.0003156928346858347
1491	0.00031470279195526204
1541	0.00031432750164529105
1652	0.0003139613457921892
1542	0.00031288495841121344
1452	0.0003118759155519289
1458	0.0003118759155519289
1447	0.00031187591555192884
1460	0.00031187591555192884
1417	0.0003118626639778488
375	0.0003105967544297705
892	0.00030974672050583204
329	0.0003097088785102387
881	0.0003096956070555681
389	0.00030851117543471236
872	0.0003072869164885882
1222	0.0003070134265741999
896	0.00030669175163166863
1304	0.00030620283179556867
900	0.00030576260079900414
1681	0.0003047830354539866
1612	0.00030473332761242234
752	0.0003044561995257266
1525	0.00030414601418001435
355	0.00030407880871512015
1543	0.0003040180042514025
1201	0.000302456897495228
1430	0.00030176760706993483
1019	0.0003008157287967831
1060	0.00030030294704525804
1593	0.00029940002471435736
1675	0.0002993965809160908
1147	0.0002993775309159569
1095	0.00029904273613021463
1619	0.0002981321143204816
1674	0.00029788563726174593
551	0.0002976072553159594
711	0.0002974578570218107
953	0.0002973898269902136
1601	0.00029607487824658376
1033	0.00029547893573496136
624	0.00029539715272885217
613	0.00029461984531775474
837	0.0002942164979742524
1673	0.00029405345470189057
960	0.0002933363195745969
1671	0.00029325551169701085
1218	0.0002923395704482593
339	0.00029188814067302257
869	0.000291612897097395
279	0.00028896687687956124
350	0.0002879459093780179
980	0.00028741824167997053
1059	0.0002856859992050753
1023	0.0002849442609745647
1168	0.00028217989191253897
539	0.00028211925204513157
1126	0.0002810785436332696
1248	0.00028049795009261043
149	0.00027789044578658856
1025	0.00027703564043341644
829	0.0002763946053975267
936	0.0002748162904258886
1107	0.00027357428904289564
261	0.00027161258682205825
1006	0.0002713632560711521
795	0.0002707591777089301
1178	0.00027009436981395004
753	0.00026888282967209363
730	0.00026631692516487283
460	0.00026506110963158574
1206	0.0002644490313758357
1478	0.000263468478033109
1052	0.0002632899311240453
834	0.0002622496413849286
1036	0.0002618858338907033
688	0.00026050413874120646
565	0.0002598521392497728
1284	0.00025984140284157723
821	0.0002569212199610565
1103	0.00025683082241448487
725	0.0002562690605135931
1069	0.00025607714174526424
863	0.00025525905314609964
1239	0.00025523336792848705
865	0.0002545114461657948
1240	0.00025289333545683795
680	0.00025230391227359705
1160	0.0002519163782102689
266	0.0002517803903742599
978	0.00025166244705454127
543	0.0002500035875789883
1137	0.0002489055830971001
422	0.00024828726523797457
1232	0.0002477099594222487
6	0.00024705982958274483
601	0.00024654336392703575
1115	0.00024515647031993855
965	0.0002450930556790004
812	0.000244796310214545
1153	0.00024477379511794636
634	0.00024396613712710993
1049	0.0002431210304241028
882	0.00024276811738234303
560	0.00024049694144629338
1163	0.00023780943556745912
832	0.00023778802497166724
1209	0.0002370666786791041
801	0.00023646750480822706
1086	0.00023586425363780975
1005	0.00023579189770365594
1093	0.0002357784087137431
904	0.00023426671140007723
1061	0.0002327280727542158
1230	0.00023269393301074724
579	0.00023248681909304148
457	0.00023240616333032366
773	0.0002311833866519188
459	0.0002309407143512998
1245	0.00022913973684245175
962	0.00022877936208161187
1030	0.00022785043937956494
400	0.00022753792265138318
557	0.00022470079844806777
937	0.0002241454309680981
1057	0.00022358538483759722
1219	0.0002230992573599717
905	0.00022237159026829804
574	0.00022225529842395187
453	0.0002220292600663014
990	0.0002215838355397304
995	0.0002209289036600914
349	0.00022065831817333998
1149	0.00022032854014728058
1054	0.00021830811161430532
703	0.00021813000475573706
130	0.00021516839289297652
1286	0.0002145622393325804
1097	0.00021423097077560152
854	0.00021320501770035987
681	0.0002128402320096665
986	0.00021258521867906287
1058	0.00021173833777451292
1203	0.00020884129914545494
1224	0.00020880025246932686
618	0.0002054603098224508
1185	0.00020466757547294847
84	0.00020446588091979786
1419	0.00020251126048990398
112	0.00020246741397393197
1152	0.00020234030573911408
1421	0.00020167767568689713
1166	0.00020022783654070168
745	0.00019810751507818772
1120	0.0001979102488652511
1032	0.00019718232893954076
860	0.00019583944512868714
726	0.00019535669195814277
532	0.00019402034171977326
256	0.00019380674730720536
253	0.0001931418983020743
985	0.0001916810463244418
991	0.00019161377659788307
440	0.0001911501066430293
362	0.00019085448168696214
1071	0.00019077948554851746
787	0.00019068632249793685
377	0.00018961877092152227
933	0.0001887471333317786
1291	0.0001886861364738237
1001	0.00018711058255994743
862	0.00018706118501580292
1225	0.00018656216996197067
1518	0.00018481800617201928
138	0.00018417074245449406
587	0.00018192070745964015
998	0.00018174101987549778
1192	0.00018116722875118453
807	0.00018102179627857285
1084	0.0001810211192858836
793	0.00018018969789260233
352	0.00017974464586198872
1446	0.00017832688407002403
1400	0.0001773866098127912
759	0.00017699674297697138
1297	0.00017585780137215187
915	0.0001756806097009075
669	0.0001746426998061995
545	0.00017394249346796455
533	0.00017382837121369341
968	0.00017347355906760864
1076	0.00017338898830328002
1229	0.00017312554110029423
695	0.00017279879957945483
718	0.0001723834290552468
958	0.0001713226057794317
1204	0.00016976425843209062
1296	0.00016664546188091943
1211	0.0001658534508149346
1469	0.0001647104514750839
767	0.00016460812204673744
1285	0.00016453142652028593
103	0.00016452139659472344
803	0.00016450356733377036
1176	0.00016334351054470643
1479	0.0001630859533023551
1425	0.0001614994960090763
1480	0.00016147304609299165
1169	0.00016080104173459353
996	0.0001607020780826343
1128	0.00016053059029970732
1195	0.00016051578843596668
394	0.0001596661959248312
947	0.00015925379317729483
903	0.00015913577710167812
791	0.00015787658937278201
534	0.00015780414698535368
667	0.00015711886374290563
1085	0.00015642325502750843
1263	0.00015507666918311824
983	0.00015474626450660072
548	0.00015425666405988244
536	0.00015386873607916757
954	0.00015363040822690283
1099	0.00015239735709791997
1180	0.00015021350272307235
374	0.0001495826789451138
798	0.00014952378664755356
938	0.0001493069772319576
1540	0.00014902487934625658
1337	0.0001487197797850346
309	0.0001485625796392199
1268	0.00014777704117703344
1179	0.0001472884492484519
1167	0.00014569545467474048
1171	0.00014470242448485026
37	0.00014259717954766436
1068	0.0001425177760017259
18	0.00014131308473445302
1100	0.0001411931710619624
835	0.00014082158960607155
1281	0.00014076622496539157
1288	0.00014049906236719567
1111	0.00014049580305384153
1198	0.00013990838952454042
446	0.0001391532162353156
776	0.00013869408893508816
1055	0.00013841246618585324
828	0.00013722472988241498
1000	0.0001361095937380164
999	0.00013534973824721235
1174	0.00013400708719866594
35	0.00013358408154093778
1437	0.00013330135581141904
1193	0.00013326426236617538
908	0.000132479926957524
1471	0.00013211916034474552
1336	0.00013185006274318587
1435	0.00013137912625297855
1426	0.0001310089489908339
1314	0.0001303428838672685
115	0.00013019386871343646
1278	0.00012904695544062848
1335	0.00012891094740060467
894	0.00012781386929018105
888	0.00012761269980119896
1087	0.00012746468008764423
1441	0.00012723019245946139
1004	0.00012705579865969187
1415	0.00012651741168362389
359	0.00012644291186155083
976	0.00012379187083140806
870	0.00012307659531612212
883	0.00012272984210654663
867	0.00012266901579654834
909	0.00012226708389288828
1475	0.00012141922845224045
1445	0.00011974271847255464
1214	0.00011965063106309643
1038	0.00011774229702842975
914	0.00011724177654325958
970	0.00011607572907761262
341	0.00011601547824749521
668	0.00011574782633293063
912	0.00011534345570175634
1276	0.00011483011819212816
1056	0.00011387134027090697
1531	0.00011364338573867194
1271	0.00011294719917122025
1141	0.00011292602773176488
1154	0.00011254116546385584
1105	0.00011243493831649965
1082	0.00011239647072427187
1305	0.00011214188150679866
1473	0.0001116914385737054
390	0.00011126803851822781
1269	0.00011125252685891859
1072	0.00011084637256911174
1253	0.00011029525386525668
1151	0.0001101733928285551
1202	0.00010971969213746342
1499	0.00010950775246321428
1148	0.00010811464232946525
146	0.00010646976389473111
438	0.00010646395273069506
1002	0.00010540236948272331
1394	0.00010511169741850141
927	0.00010396002222929436
1378	0.00010371417564284279
1376	0.0001034772889400938
1246	0.00010328502207808029
1247	0.00010299536949331076
113	0.00010277096849244349
1483	0.00010265704642191016
1553	0.00010255687775935728
1250	0.00010159073423418109
1438	0.00010145480319025394
1560	0.00010138431732271558
899	0.0001007297786108269
1462	0.00010041857562091403
1031	9.924035609001482e-05
1522	9.893335383922502e-05
1353	9.766619184434565e-05
1177	9.656828435012431e-05
1388	9.655384013426994e-05
1514	9.628241517319366e-05
1409	9.438296718647207e-05
981	9.432261320441756e-05
1081	9.428184159981578e-05
1456	9.426474725359352e-05
1413	9.404460657654122e-05
1279	9.395844380656456e-05
1077	9.384454657299794e-05
1382	9.342179560398083e-05
34	9.312154279546948e-05
1468	9.286389521390754e-05
917	9.254488266094465e-05
1509	9.243144285972403e-05
884	9.19593518370764e-05
1312	9.168148651861726e-05
1384	9.165788853593532e-05
1387	9.165788853593532e-05
1391	9.165788853593532e-05
1393	9.157158293399996e-05
1346	9.018114662541097e-05
437	9.01124281876443e-05
1530	8.951611530998834e-05
1517	8.948587895123009e-05
1298	8.938735078151801e-05
920	8.864152626021463e-05
1319	8.832505282219645e-05
1423	8.786861213515419e-05
1501	8.767388999231899e-05
1449	8.762883276058312e-05
1434	8.742781683216498e-05
594	8.734823155511821e-05
757	8.718247533093888e-05
1368	8.713526861708277e-05
74	8.704778960741551e-05
1412	8.60913932285703e-05
1003	8.568792510774858e-05
1395	8.565509276455959e-05
1338	8.533561426869743e-05
1075	8.509960086281087e-05
1539	8.508529899417839e-05
1356	8.424834235281901e-05
666	8.378774451983186e-05
1313	8.372418325693953e-05
1317	8.359913472564685e-05
626	8.334558105493427e-05
1351	8.332265386577594e-05
1344	8.305716353283438e-05
1589	8.248744573756826e-05
267	8.211179140311897e-05
442	8.197675256338974e-05
1487	8.184146197988977e-05
861	8.136553884157764e-05
1102	8.069650433708802e-05
1270	8.044310042137013e-05
1474	7.950648072906671e-05
858	7.849866816220316e-05
1488	7.82796696721127e-05
1490	7.82526743867667e-05
1261	7.774937473077036e-05
1549	7.712246991623422e-05
1578	7.712246991623422e-05
1585	7.712246991623422e-05
1264	7.708653519345123e-05
1287	7.633896347712581e-05
1318	7.629986455334211e-05
1162	7.59615036612744e-05
1370	7.482749321770278e-05
1369	7.43714271208498e-05
1555	7.419682344477366e-05
1334	7.310691647549874e-05
1558	7.295005525034884e-05
1295	7.227684216361627e-05
1257	7.214038927322163e-05
1440	7.207393897395138e-05
1459	7.167678311914014e-05
1495	7.167110956506673e-05
1386	7.164183266245075e-05
1591	7.131963971614758e-05
1385	7.042728498232438e-05
784	7.036437219747925e-05
1592	6.998724256662983e-05
1545	6.944475193474222e-05
1212	6.937576667294386e-05
1448	6.909172013560674e-05
1524	6.877361709013408e-05
1223	6.860575786142787e-05
706	6.734645287995964e-05
1422	6.701103481507502e-05
850	6.69600006422507e-05
1454	6.660504254141133e-05
1406	6.644038973334107e-05
1424	6.631069024030305e-05
1605	6.602852362772981e-05
1516	6.588239441415058e-05
1324	6.571181783392651e-05
1511	6.532226700447347e-05
913	6.52554185286152e-05
1361	6.507759889341217e-05
296	6.408509151644445e-05
1260	6.392886041478995e-05
1328	6.376155880130559e-05
1403	6.369574535837193e-05
822	6.332515650107154e-05
1027	6.323761913284568e-05
1600	6.319330619164996e-05
1408	6.240942497656603e-05
1330	6.226278458759263e-05
992	6.174851921770763e-05
1427	6.124977948088302e-05
1256	6.1003495389259235e-05
1272	6.095959370840819e-05
1512	6.094756180587457e-05
1489	6.0731847567532406e-05
643	6.060300241415121e-05
1506	6.025055458054277e-05
1628	5.968704967310721e-05
1588	5.967012571144749e-05
1590	5.967012571144749e-05
1496	5.964827696667568e-05
1416	5.898931425128353e-05
1146	5.8956112969965796e-05
314	5.8505361740035634e-05
1104	5.780449201081666e-05
1418	5.697312134916777e-05
1623	5.634031385625628e-05
1355	5.6323878058181505e-05
1392	5.611153220819642e-05
1083	5.590541638512918e-05
1241	5.568828600848044e-05
1544	5.5642627252661704e-05
1301	5.558652182569654e-05
1389	5.55782937539793e-05
1367	5.5294620608913404e-05
1326	5.507135314436884e-05
839	5.452083355951673e-05
1521	5.374042964360431e-05
1196	5.370678867257501e-05
1464	5.311324718760695e-05
1402	5.2821779729461256e-05
957	5.2309636656997185e-05
817	5.20423429593994e-05
1321	5.196801481206553e-05
1573	5.130296296207583e-05
119	5.099034136141357e-05
1233	5.092469363974418e-05
1390	5.05320886045637e-05
1175	5.0490885840531685e-05
1598	4.998226326243832e-05
1547	4.997717232350361e-05
1639	4.9320496770099125e-05
1429	4.882865301278149e-05
1631	4.852381021251483e-05
1331	4.802537192949812e-05
1127	4.779387792744578e-05
1664	4.6926647751399276e-05
1629	4.667357750393431e-05
868	4.639666992152432e-05
1607	4.6376642209712145e-05
1138	4.608784903811261e-05
1485	4.5475312638775e-05
1436	4.540825672820469e-05
1026	4.5341464361234996e-05
1410	4.532228872256553e-05
1465	4.515855762872029e-05
1306	4.462419264816496e-05
1307	4.462419264816496e-05
1308	4.462419264816496e-05
1259	4.4363776674078386e-05
1556	4.4116621248193374e-05
1123	4.401682083939289e-05
1155	4.38233849532387e-05
1372	4.2613263810626786e-05
1360	4.246067520421244e-05
1597	4.1778553755218484e-05
1189	4.171767182308929e-05
1327	4.143477383152191e-05
1350	4.1385031612105624e-05
1534	4.118444497466495e-05
1548	4.1115964669263655e-05
1557	4.1115964669263655e-05
1561	4.1115964669263655e-05
1562	4.1115964669263655e-05
1563	4.1115964669263655e-05
1564	4.1115964669263655e-05
1565	4.1115964669263655e-05
1566	4.1115964669263655e-05
1567	4.1115964669263655e-05
1569	4.1115964669263655e-05
1570	4.1115964669263655e-05
1571	4.1115964669263655e-05
1572	4.1115964669263655e-05
1576	4.1115964669263655e-05
1577	4.1115964669263655e-05
1581	4.1115964669263655e-05
1584	4.1115964669263655e-05
1586	4.1115964669263655e-05
1602	4.079175102512414e-05
1646	4.0563945259659986e-05
1347	3.999369324461248e-05
891	3.998670154861974e-05
1608	3.972498521222772e-05
987	3.957802323538468e-05
1508	3.956294494783307e-05
1513	3.886154854348933e-05
1243	3.87828809021097e-05
1332	3.8290424040134746e-05
1443	3.781830295952265e-05
1396	3.742433971890406e-05
1064	3.6608419544668205e-05
1374	3.6134120989239606e-05
907	3.605031173824997e-05
1632	3.600660544090836e-05
1633	3.600660544090836e-05
1634	3.600660544090836e-05
1636	3.600660544090836e-05
1637	3.600660544090836e-05
1640	3.600660544090836e-05
1641	3.600660544090836e-05
1645	3.600660544090836e-05
1647	3.600660544090836e-05
1648	3.600660544090836e-05
1649	3.600660544090836e-05
1651	3.600660544090836e-05
897	3.585668990606393e-05
1528	3.4550785281671076e-05
1365	3.4113456634844395e-05
1354	3.3596686102725206e-05
1237	3.3416855943044944e-05
1594	3.2705249129531816e-05
1320	3.198704356685663e-05
1340	3.198704356685663e-05
1341	3.198704356685663e-05
1349	3.198704356685663e-05
1352	3.198704356685663e-05
1364	3.198704356685663e-05
1096	3.194183994147562e-05
1477	3.186241148536229e-05
1294	3.022269977054217e-05
1610	3.0030028650419072e-05
814	2.9249020591085593e-05
830	2.9249020591085593e-05
852	2.9249020591085593e-05
857	2.9249020591085593e-05
1450	2.878132702776642e-05
1455	2.845284421568934e-05
1125	2.8452571847849802e-05
1463	2.8207974261864993e-05
1611	2.8194550263995415e-05
1420	2.725904898270483e-05
600	2.6743921907501996e-05
1502	2.4688971070248316e-05
1603	2.226648568500343e-05
1453	2.2254461071777933e-05
1457	2.225446107177793e-05
1461	2.225446107177793e-05
1191	2.2131548843499124e-05
1482	2.1908697444021092e-05
1500	2.1563098653404507e-05
1622	2.1278618758008496e-05
1431	2.0757314782724194e-05
1080	2.0718521530139574e-05
1523	2.068343022963958e-05
1510	2.02595806269312e-05
1486	1.9980998209608022e-05
1492	1.9980998209608022e-05
1493	1.9980998209608022e-05
1494	1.9980998209608022e-05
1498	1.9980998209608022e-05
1672	1.9892606777525342e-05
1662	1.9331867929922097e-05
1467	1.8969031084375228e-05
1663	1.8543344263044167e-05
1665	1.8543344263044167e-05
1666	1.8543344263044167e-05
1667	1.8543344263044167e-05
1668	1.8543344263044167e-05
1669	1.8543344263044167e-05
1670	1.8543344263044167e-05
677	1.6550870025898048e-05
599	1.6550870025898045e-05
1655	1.616629446516945e-05
1515	1.5827955938876562e-05
1621	1.3775291729978412e-05
1476	1.3313299510012707e-05
1657	1.3194384378476066e-05
1433	1.258328008747329e-05
1682	1.256722443281641e-05
1659	1.2520531926851841e-05
1660	1.2520531926851841e-05
1536	1.240961417582519e-05
1505	1.227395490976176e-05
1627	1.2138633386870814e-05
1656	1.2131412377409785e-05
1626	1.2055561834279938e-05
1507	1.1839451204394795e-05
1293	1.1625517777654593e-05
1599	1.070253798358656e-05
1520	1.0608928001774596e-05
1676	1.0442008372056879e-05
1526	9.933593202743092e-06
1130	9.066357322976496e-06
1616	8.949691264389209e-06
1617	8.921879949280814e-06
1604	8.868070627362972e-06
1122	8.607420532206962e-06
1677	8.530172768378242e-06
1595	8.168674628918603e-06
1596	8.168674628918603e-06
1661	6.685235150891305e-06
1613	6.598624209635657e-06
1472	6.566439631680051e-06
1606	6.419258263208969e-06
1678	6.2197133353253e-06
1679	6.2197133353253e-06
1680	6.2197133353253e-06
1533	5.533774032359131e-06
1614	5.136053761167419e-06
1624	4.704628365004078e-06
1625	4.704628365004078e-06
1414	4.699916038482465e-06
1654	3.9617313704240634e-06
1156	3.740926387135804e-06
1309	3.5112080574175756e-06
1310	3.5112080574175756e-06
1235	3.431600778402284e-06
1236	3.431600778402284e-06
1618	2.0975235577412936e-06
1653	1.5423568167490946e-06
