50	0.0033287593402249105
100	0.0032534578650657703
181	0.003067457138349304
174	0.0029313265431836076
79	0.0028378778601119937
56	0.00275138299315729
121	0.0027364810953721453
98	0.002706694479126276
1	0.0026957526662107355
423	0.0026943925187022716
172	0.002683430469823127
204	0.00267727625236205
96	0.002622332855996807
22	0.0025920079510232995
234	0.002554165638421235
258	0.002539594041879175
210	0.002512389046642976
89	0.002502944309818212
28	0.002497922335735099
7	0.0024976666666499743
82	0.002496149506356591
69	0.002479215176822948
127	0.0024761949464704087
97	0.0024161056378483106
238	0.002411748415644852
288	0.0024105702360543483
117	0.0024102658828567282
294	0.002404497311574356
168	0.0024018599352558802
195	0.002378524217695094
173	0.0023760798526893784
405	0.002361281346857532
222	0.0023140406814465
237	0.002305023284337893
216	0.0023000712516106645
118	0.0022658537675095134
202	0.002253700690191641
655	0.002248018525653051
300	0.0022333768088296296
176	0.0022244714053263155
183	0.002212588460443782
286	0.0022118893748191266
185	0.002190547999445823
64	0.0021829919807639206
71	0.0021827142366336125
151	0.0021760940796986877
88	0.0021688081844812614
318	0.0021600934972027318
191	0.0021543721156936876
12	0.002118664852630724
197	0.002110545231036217
313	0.0021002801528430433
196	0.0020994372019571034
186	0.0020971827499911863
8	0.0020919106382801134
70	0.002073832236420622
135	0.002070754737548008
200	0.002049812143784014
211	0.002027210121015553
25	0.0020246077993573783
228	0.0020240163152000887
132	0.002016484347179711
175	0.0020056789961296747
568	0.0020026917412738435
125	0.001992191467620821
153	0.001989415960494037
588	0.001986765091913102
11	0.0019744690463379525
367	0.0019713851525910283
144	0.001967793299710391
161	0.001959270890724535
357	0.0019553378767698947
427	0.0019375125273003826
4	0.001923281629424886
433	0.0019207901319862391
385	0.001917962605916212
218	0.0019146471150023716
143	0.0019143279207560991
475	0.0019131387067460647
9	0.0018993254506804184
265	0.0018947618954515758
95	0.001888989336376142
546	0.001882247264125924
182	0.0018804695774933627
403	0.0018627613852785854
179	0.0018554742019130516
229	0.001843062185651749
215	0.0018377132371453985
597	0.001833308513447334
111	0.001832871988242068
257	0.0018324788174608664
393	0.0018048757982792208
483	0.0017981842478300043
742	0.0017904940839610672
194	0.001789395886695024
15	0.00178894512128395
276	0.0017799786569280321
180	0.0017740691718768806
239	0.0017697345149186297
77	0.0017588154614624726
496	0.0017510693701183362
83	0.0017326912629050456
193	0.0017229752790350757
208	0.001722190532437032
235	0.0017219843427203846
230	0.0017156983143400723
508	0.0017093311520524953
24	0.001693995914137649
13	0.0016918289572370928
511	0.0016851660534773511
566	0.0016785035951382918
209	0.0016762612895853497
732	0.0016686119645175474
591	0.0016589068024790746
58	0.0016535013711920755
187	0.0016528619231223683
735	0.0016456173187425985
203	0.0016442901145674218
435	0.0016408753369642687
527	0.0016225677017532019
226	0.0016152068224949889
273	0.0016128440937240624
99	0.0015997706655538563
603	0.0015991676458441486
302	0.0015968672049726943
451	0.0015934084465967738
298	0.0015856579912951676
748	0.0015818236989451262
156	0.0015793927469577654
739	0.0015760811767819094
282	0.0015732209092657835
402	0.0015726057759296653
410	0.0015722917302877079
275	0.0015674225427341022
134	0.0015660542198777368
188	0.0015611902840614693
419	0.0015563216533738384
685	0.0015554077990211984
248	0.001554024712235941
269	0.0015535036440488047
328	0.0015505751056414487
245	0.001542692443481776
471	0.0015400277647039768
474	0.0015346569174485808
684	0.0015299548609944108
233	0.0015241130266958258
550	0.001522828436043811
432	0.0015122715645630028
23	0.0015048600122893655
283	0.0014979327945126109
323	0.001492436137790962
154	0.001492026794612798
157	0.0014916032243295183
443	0.0014914223928379033
692	0.0014865403271652725
66	0.0014793814080509846
651	0.0014753537988746294
268	0.0014743568528254906
447	0.0014721509152878962
322	0.0014680756965767263
284	0.0014664234779989567
227	0.0014521181521063233
631	0.001452077064649659
480	0.0014425553345144984
31	0.001440718327983923
252	0.0014374558322828943
250	0.0014254319096163987
479	0.0014248460758426154
657	0.0014243767702593491
582	0.001417427012607474
431	0.0014075509483353833
1028	0.0014066843463062038
559	0.0014063782355212557
705	0.001404427020084464
531	0.001394532286929256
133	0.0013893383479313237
509	0.0013838444477065387
231	0.0013813968472187862
521	0.0013796888868298485
449	0.0013774386227909984
178	0.0013754792850205991
660	0.0013747849467687292
42	0.001371056826262776
274	0.001369734017067213
147	0.0013642428270166373
504	0.0013629214598237084
514	0.0013606061687860057
91	0.001351265678010029
199	0.0013462729095170484
845	0.001345409595512934
68	0.0013424970097199531
515	0.001342374439935274
164	0.001339552866587815
291	0.0013374852228010628
55	0.0013358192461617384
578	0.0013320438913628182
72	0.0013303828930347362
109	0.0013261678000389
289	0.001324986959328304
411	0.0013234241260830003
2	0.0013213801436831238
214	0.0013167588635952247
47	0.0013156860351210033
472	0.0013154248839622887
87	0.0013123550114437284
333	0.0013088180866377534
659	0.0012983889383045327
665	0.0012972446333682265
94	0.0012879103496624288
124	0.0012874264821123057
73	0.001283074233600903
628	0.0012827940553069238
86	0.0012721564977056041
129	0.0012712896048123318
241	0.0012711284523542713
53	0.0012611314012856097
654	0.0012586961720851585
756	0.0012562278620859902
498	0.001255324488317827
462	0.0012547011384764707
506	0.0012446308292835015
62	0.0012440727555306087
386	0.0012425243196933164
523	0.0012388298884075841
44	0.0012358939106324374
315	0.0012349322864377808
301	0.0012347059038556746
678	0.0012334523838493426
240	0.001231942796189169
223	0.0012305633488464052
746	0.0012279845335419295
52	0.0012240798072119868
271	0.0012213517069785216
51	0.0012153750519804437
49	0.0012063097024400398
38	0.0012011781158883725
217	0.0012003296215738282
418	0.0011987681785910588
14	0.0011933332164986781
281	0.0011895433125084429
29	0.0011850259854096863
455	0.0011844010324280022
501	0.0011828794289094708
290	0.0011826992507449723
81	0.0011800419415558948
137	0.001179395330180234
673	0.0011786763351283233
198	0.001176877656084142
246	0.0011734229380607594
476	0.0011708095253437493
781	0.0011705096925523368
270	0.0011673288997660512
5	0.0011657544182179032
177	0.0011653190185437273
65	0.0011632307195376694
225	0.0011621880245135205
428	0.0011574362403523205
260	0.001151658724270152
380	0.00115103268587996
163	0.0011507752868692434
417	0.0011479972614186558
517	0.0011475435104513559
1074	0.0011462752694261097
3	0.0011428169117829734
1011	0.0011370368046970142
272	0.0011313115470792088
219	0.0011297795800391981
720	0.0011296232403766842
54	0.0011294826955990083
478	0.001127558253735386
815	0.0011242118661155326
150	0.0011236526203983034
470	0.0011234778204121775
465	0.001117525941600503
526	0.0011174968873922764
625	0.0011120739033205044
763	0.0011113287780826295
205	0.001106037284460816
184	0.0011034523894757643
316	0.0010990580808215077
310	0.0010974978989409707
80	0.001091628734864659
190	0.001085797880844054
482	0.0010846140154078788
662	0.0010828372488175752
1039	0.0010814370875426636
484	0.001080206032946551
679	0.00107591354988788
67	0.001074507121886192
520	0.0010722164762874608
627	0.001071850800429347
101	0.0010700889628483608
213	0.0010672123112807294
485	0.0010669940528458494
661	0.0010659175932292305
384	0.0010650056041415614
926	0.001063166491472136
232	0.0010607955330297699
48	0.0010607543335300423
629	0.001058909967342007
92	0.0010586986364636123
663	0.0010576376961932451
751	0.0010546582062554329
473	0.00105404401216978
1047	0.0010513145698079153
747	0.0010509746721122212
285	0.001047935900036116
1016	0.0010453356525091217
382	0.00104352748528068
243	0.0010410808055253728
324	0.0010385976356814476
170	0.001038035261673031
469	0.001034547836240855
404	0.00103407694645215
421	0.0010267742576093944
650	0.0010260986672315834
554	0.0010258819176454527
647	0.0010234378101130928
549	0.001022441540903792
255	0.0010191940851272958
293	0.0010161739290503067
709	0.001015616213233628
510	0.0010144604093203068
693	0.0010119125964762109
708	0.0010101623430024155
45	0.001009898747988723
307	0.0010090843580743214
356	0.0010085844928544834
192	0.0010068937539697439
528	0.001006575569537532
727	0.0010060538810424077
468	0.0010059540521669109
396	0.001005947840675525
436	0.0010030764797884627
576	0.0010026006417623045
90	0.001001459511033766
715	0.0010008497359378634
264	0.0009990304218439796
317	0.0009988757967079255
249	0.0009988489039061822
155	0.0009985826721930257
148	0.0009889510803939205
159	0.0009802442489721915
378	0.0009785369974223866
636	0.0009781337984190392
755	0.000974543311826026
458	0.000973201462868025
123	0.0009718825060627806
762	0.0009657293190897127
340	0.0009652617440094825
717	0.000964904729662295
33	0.00096472930227125
949	0.0009644241419319885
40	0.0009595295449757221
76	0.0009581707716215005
581	0.0009575840500300309
642	0.000956213692756232
122	0.0009557577496329232
561	0.0009510650861579485
1041	0.0009508720010835274
924	0.0009494759096441379
287	0.0009481846305786501
126	0.000946450980091128
416	0.0009462174205831269
162	0.0009445992953605106
434	0.0009428796928400865
145	0.0009416881123235387
619	0.0009412297437857807
319	0.0009402219774691382
259	0.0009384723895091153
497	0.0009351265904254777
792	0.0009321691779427959
93	0.000930940623905879
699	0.0009306053222608106
399	0.0009303388558959449
716	0.0009289204225672454
221	0.0009221012674643682
425	0.0009216497105553391
513	0.0009206596399500515
169	0.0009199426251199877
321	0.0009174970051099797
142	0.0009174146555371882
116	0.0009154321030612517
448	0.0009153986024004126
596	0.0009135013707964751
713	0.0009096659970506764
409	0.0009074518108969143
928	0.0009067780886691054
381	0.0009055461897140457
481	0.0009021405487033468
326	0.0008984595256362355
106	0.0008984085921395516
729	0.0008974003309282026
347	0.0008957433301732849
120	0.0008953433232673591
518	0.0008919216765694748
1119	0.0008912379054577802
131	0.0008900896751853722
136	0.000889645489497701
39	0.0008843763580087083
212	0.0008836397283940299
658	0.0008805339813710351
430	0.0008790317074572132
17	0.0008757822732984295
541	0.0008749260351814742
552	0.0008735233610702703
675	0.0008703506585770028
108	0.0008665721938869248
327	0.0008640057978854809
632	0.000863724404140184
652	0.0008589777658625089
429	0.0008574260434290482
493	0.0008534307455586309
401	0.0008533125424181157
507	0.0008525001784295211
866	0.0008517281465481362
1046	0.0008513994919889858
871	0.0008473581554799453
63	0.000841857586184043
420	0.0008393280572799506
254	0.0008387064225311323
682	0.0008350893010111661
831	0.0008341888302841128
412	0.0008333235930700642
529	0.0008285219513594103
358	0.0008274391433689272
820	0.0008232663419103195
772	0.000822070549146414
741	0.0008205447922811596
201	0.0008141629894169425
934	0.0008129889800704339
262	0.0008083055853287491
32	0.0008052609550318632
141	0.0008028610195132777
152	0.0007997114826026494
802	0.0007986269981767896
575	0.0007986032207348528
1014	0.0007977497537509405
346	0.0007977083528919623
461	0.000796975350731247
640	0.000796731609443832
710	0.0007957549348601012
558	0.000794919425552909
731	0.0007925364948535192
923	0.0007898616438442921
778	0.0007880589595708538
771	0.0007839906174724969
840	0.0007827691062406069
21	0.0007820977541539948
687	0.0007811428557144585
304	0.0007800601371517929
823	0.0007781104504799161
827	0.0007729062827742102
408	0.0007728539490529078
477	0.0007724114396555087
919	0.000770765919983817
332	0.0007682900667503037
59	0.0007672768014655424
569	0.0007631836874965877
303	0.000761145331017032
1010	0.0007609683155767233
19	0.0007604795410582195
387	0.0007601687898395988
825	0.0007582687947544747
740	0.0007575083865423184
584	0.0007571469766323528
325	0.0007571392511527843
26	0.0007558071061868837
780	0.0007552181147250924
530	0.0007540682722471691
278	0.0007526007368353279
160	0.0007509374307174135
311	0.0007494592614955364
639	0.0007464611984718079
1101	0.0007453391078031001
10	0.0007446638948093565
724	0.0007446531281565678
690	0.0007431842542687533
723	0.0007423765814281902
736	0.000739809067918716
1012	0.0007376210707224849
30	0.0007359710739631832
1017	0.0007352298109356715
1139	0.0007331904225274181
879	0.0007287860110863871
959	0.0007258572483265493
975	0.0007192197114343701
343	0.0007168377287001182
790	0.0007167687974185774
519	0.0007141345438701133
167	0.0007128956636431299
571	0.0007124193492631706
826	0.0007101999958821286
525	0.0007087891278148599
392	0.0007087471945274517
371	0.0007052631417546799
407	0.0007030298791618353
524	0.0007021707366437392
537	0.0006990979674731334
808	0.0006955844243913667
750	0.0006949499708760359
128	0.0006927587023425601
856	0.0006920005347728748
463	0.0006918575457155303
930	0.0006886652664664384
1035	0.0006879934382094786
452	0.0006867981585907839
895	0.0006804095009354516
505	0.0006797111516229638
775	0.0006788596220146399
491	0.0006752094549426666
1021	0.000672801624767994
1048	0.0006726311692788572
242	0.0006723960430336233
391	0.0006707731225631333
46	0.0006697976706651768
553	0.0006691327935187933
616	0.0006682063949830883
280	0.000667991266011081
722	0.0006673751829964306
500	0.0006670577493441282
244	0.0006669596200197065
939	0.0006651421777812499
743	0.0006603031586415506
672	0.0006602509970353276
522	0.0006600393837264194
207	0.0006595610965144433
979	0.0006588573827233314
877	0.0006584358826208787
1067	0.0006582690310723982
604	0.0006562098675793185
85	0.0006557378726962815
971	0.0006554986989891151
696	0.0006554240371540994
770	0.0006548147376943441
819	0.0006545331874539286
105	0.0006540093785190462
107	0.0006532085493013162
922	0.0006522478673240764
886	0.000652047274053135
744	0.000649812896758591
1018	0.0006497559845596121
1089	0.0006492008940205814
171	0.0006479911450176474
707	0.000646789777410573
414	0.0006466097705249373
27	0.0006435543429926449
800	0.0006426873038803972
1008	0.000641954223702374
292	0.0006414211040597369
488	0.0006400478315078673
737	0.000639844875811496
876	0.0006381897670380795
606	0.0006372283713498209
1109	0.0006354705826405204
370	0.0006353708168777549
974	0.0006334189132713866
1133	0.0006324605794031335
61	0.0006310408272906844
516	0.0006296183696759997
969	0.0006291378459530336
1053	0.0006274677311466392
607	0.0006274298494954575
966	0.0006262575913469194
158	0.000624580954768679
686	0.0006235301826252876
702	0.0006222012174399783
925	0.0006221732838235391
60	0.0006211971067646604
140	0.0006197188895984141
864	0.0006181399276352189
752	0.0006181007454375827
544	0.0006166289474150218
633	0.0006129868794515484
721	0.0006116853511564463
1073	0.0006111946914866387
389	0.0006102820614759864
1147	0.0006089780878039071
20	0.0006089717740344249
502	0.0006084188131703239
1208	0.0006081790292244267
1095	0.000607753450450598
1060	0.0006064235581849091
450	0.0006038262225832957
139	0.0006031832188409863
676	0.0006029534963339186
946	0.0006027935060350406
953	0.0006016529432401808
1033	0.0006016027570628944
331	0.0006011393312169047
366	0.0006004616363396093
768	0.0006002848761471136
869	0.0005998335795433984
960	0.0005979954543918658
1037	0.0005969852720520334
980	0.0005960674437702933
1126	0.0005905501064038374
1407	0.0005903585873018266
649	0.0005900431811123728
942	0.0005886892169819481
395	0.0005884469662482581
855	0.0005856913351438894
539	0.0005852384667298218
149	0.0005818442511370844
712	0.0005790931260269866
806	0.0005777813791616473
338	0.000576954017482308
1178	0.0005768141122572267
1129	0.0005756972818417771
789	0.0005756385925464291
1231	0.000573878156205834
277	0.0005736266584723227
648	0.0005721157965021534
834	0.0005717233127219869
728	0.0005697820547011115
609	0.0005687192692043623
1206	0.0005677296083216614
1478	0.00056711218503573
863	0.0005661446036306637
849	0.0005658035424424134
821	0.0005657212089098271
499	0.000565621948026132
492	0.0005656007387519551
570	0.0005653986398251716
635	0.0005629585688795762
865	0.0005620024228471146
1239	0.0005603033845398324
1103	0.0005596532735059987
761	0.0005576178222518826
305	0.0005566804067776802
882	0.0005564154393547804
189	0.0005562402953025407
704	0.0005557907046725786
794	0.0005537803259921667
1118	0.0005534920246693186
1137	0.0005532820967060999
206	0.0005525093726492475
812	0.0005523281025222614
543	0.0005513967067382963
816	0.0005507850931530863
466	0.0005504519941000442
542	0.0005501364138871844
295	0.0005487210825922889
512	0.0005483552697834463
824	0.0005479916780570702
832	0.0005476373528007235
467	0.0005472074330047575
1311	0.0005471225377013739
560	0.0005452438997308526
1163	0.0005450863518552459
102	0.0005441479606139427
1228	0.000543934433691026
931	0.0005438175197517676
674	0.0005417355964307905
1061	0.0005401007384248472
1135	0.0005398869162379693
990	0.0005395260642682804
349	0.0005384641000160976
955	0.0005382604037845167
579	0.0005370335919992436
487	0.0005369678421441797
562	0.0005362288046547643
997	0.0005337626513536818
557	0.0005336445263995123
962	0.00053355738118753
1230	0.0005333633519234194
614	0.000533086400285049
904	0.0005329871543344783
689	0.000532078033586268
937	0.0005301117580040549
494	0.0005300703140218814
905	0.0005298948496527902
486	0.0005282833090061539
365	0.000527771637339323
354	0.0005276270323793995
574	0.0005262055929442947
453	0.0005261032134572336
308	0.0005251969819787721
540	0.0005222218531620223
220	0.0005217908159640835
986	0.0005189058096708689
441	0.0005188405093594724
1044	0.000518359840501194
615	0.0005182007557447245
1058	0.000517875782382458
1097	0.0005159696526587394
810	0.000515814882473348
312	0.000515743622684305
1203	0.0005152369415307694
602	0.0005148015633567424
165	0.0005141509444291803
363	0.000513787390686949
413	0.0005114973056276396
166	0.0005103512391545239
956	0.0005094729873303355
495	0.0005088690451792207
306	0.0005079777499390005
1421	0.0005069143075848033
1419	0.000506861992787555
1029	0.0005062938162864234
941	0.0005057128401033255
671	0.000505501636666873
43	0.0005054439080360125
783	0.0005035895571611123
379	0.0005035369573440389
489	0.0005035299190404549
1265	0.0005021026294216284
991	0.0004989018316311832
1225	0.0004976527784610595
253	0.0004969790727470288
256	0.0004967907178184377
847	0.0004951412041557577
440	0.0004950548636270636
362	0.0004949870569546893
862	0.0004935952451138324
944	0.0004930006752894727
595	0.0004924371082295925
1065	0.0004915092481805101
1001	0.000491337996833168
1009	0.0004904162570723886
444	0.0004875405836255768
993	0.00048739272195179995
809	0.00048588450916432085
1400	0.0004858781315825407
793	0.00048563127526553436
577	0.00048522230715624743
1192	0.00048391658067541447
352	0.00048193809963874615
873	0.00048032587885166953
114	0.00047914142069997484
833	0.0004786687427583534
1091	0.0004780479562267233
968	0.00047760235740879585
1277	0.00047715771899317367
785	0.00047679387077990986
1221	0.0004766055770175502
695	0.0004756249117736806
921	0.0004755056792630896
1267	0.0004748088926004269
977	0.0004745436693400145
299	0.00047436812058129004
1428	0.0004741519816719185
698	0.00047408865103337993
1217	0.0004733090063547774
369	0.00047300878979322157
803	0.00047242974908795043
103	0.00047097626357982226
263	0.00047037436132847633
1188	0.0004694319083712792
490	0.00046926112216453826
859	0.0004687985585226011
1169	0.00046847942363286934
1195	0.00046802285141933273
906	0.0004677840781178857
1210	0.0004660650036409276
394	0.0004656288539674452
791	0.00046367639750811437
769	0.0004633096383303876
697	0.00046245474664808163
1263	0.00046194520002584936
1085	0.00046122640239090284
765	0.0004612139035770135
534	0.00046068815896684165
947	0.00046017315918112225
664	0.0004600670856159068
1172	0.00045873993556608554
1117	0.0004582715572355638
610	0.0004579498839741013
638	0.00045668591898912625
583	0.00045651906724407626
1180	0.00045462287799296236
766	0.000454423425354066
796	0.00045264530912896613
938	0.0004511133935648125
585	0.00045100374089877056
236	0.0004506117756734122
943	0.0004500372977115861
1179	0.0004496796931542658
1068	0.0004494515684305036
18	0.0004489198069376447
373	0.00044872371815288026
1110	0.00044870958960250667
41	0.00044840355560554356
1100	0.0004468143104143894
889	0.00044472385817632845
951	0.00044373583603485377
828	0.0004435565730403177
1193	0.0004411337100795542
589	0.0004405006847788487
1098	0.0004402580508531841
622	0.00044011729842309186
1079	0.00044001404422154403
1336	0.0004392628904119354
1220	0.00043897452676597634
35	0.00043839853148033316
1435	0.0004378580152835845
503	0.0004372111484217079
1181	0.00043707964668272776
1471	0.000437004035328609
1335	0.0004365898035225737
1426	0.0004361389348905806
345	0.00043607142194975834
115	0.00043429709205049883
364	0.0004330930187048718
1087	0.0004325359357024313
1108	0.0004313406293979817
988	0.0004311617259385601
620	0.0004311457155352911
813	0.00043049496401897556
656	0.00043048251523901594
1278	0.0004304230747908593
78	0.000429656922063925
1004	0.0004293036801207732
224	0.0004275096033940071
670	0.00042502335975877
623	0.00042359334315360167
1305	0.0004215906926129531
887	0.0004210065194607493
1056	0.00042066765843646193
586	0.0004200067478092294
341	0.00041959397618646457
668	0.00041952200002317165
1473	0.00041810661732175064
1154	0.00041810189117612247
1090	0.0004176574695646454
1141	0.0004175622079930064
1269	0.00041731931804324775
1124	0.00041356510375916805
535	0.0004125133161128014
438	0.0004120669798481423
146	0.00041198136123827525
844	0.0004115924746935008
57	0.0004112760241111254
1002	0.00041107073986988897
113	0.0004105199864626695
406	0.00040967172922494433
841	0.0004082144144031835
644	0.0004080202832576519
1114	0.00040746256845088005
1050	0.0004069057264545007
1378	0.00040657686800599246
1483	0.00040623302803954577
1246	0.0004057636457425955
779	0.00040436698752792334
1031	0.00040279875453862256
1353	0.00040201674159349613
456	0.00040100303205183816
917	0.00040099842588753077
981	0.0004009613430514545
940	0.0004002965105771843
1388	0.00040003939466850223
694	0.00039829574690117075
34	0.00039810528027773955
334	0.0003980422170259941
875	0.0003980416011694389
945	0.00039792177365150226
637	0.0003976840110464786
572	0.0003976358372893408
760	0.00039763493787187755
1468	0.0003973839178041638
1279	0.00039696307685722616
1312	0.0003967233085153144
843	0.00039635840830007585
1300	0.0003958718218497331
1517	0.0003956461785384743
1395	0.00039519128083802615
774	0.0003943279091318242
360	0.00039408587672043797
1298	0.00039376935885879384
1346	0.0003930344416098366
646	0.000392711168675873
1205	0.00039179746714645817
890	0.00039103973275117645
952	0.0003907744505403798
851	0.0003906615056808395
1344	0.00039063814169712914
1007	0.0003903979612776098
251	0.0003900150134432232
1338	0.00038965116778492113
1356	0.00038936438333637177
1412	0.0003891131385196704
1197	0.00038869734393037194
626	0.0003879412260213103
1317	0.0003875035969028891
1102	0.0003871613501399418
547	0.0003868068562118733
1063	0.000386508619698894
442	0.0003864426914778477
929	0.0003860036776538774
297	0.0003859499418986535
1270	0.0003858889819422332
910	0.00038461311983763354
1488	0.0003834593282624903
1261	0.0003831143028137059
1264	0.0003828925638887696
719	0.0003826773667775963
611	0.0003816512208773985
1585	0.00038156323755797727
1318	0.00038012167775144793
372	0.0003793194468675994
1383	0.00037874535004640375
1495	0.00037772838356966336
1359	0.00037705928462538523
1295	0.0003761515246644421
653	0.0003759305469483579
1470	0.0003753872903216859
1386	0.0003751241516536156
846	0.0003747852044305525
1223	0.0003737538863141162
706	0.00037333768683818345
1324	0.00037299833523743437
1628	0.0003727826535767255
1164	0.0003726061211214915
464	0.0003726048444277908
799	0.00037236330759080614
1454	0.0003721560909916494
1333	0.00037192007264881207
1424	0.0003701964150096847
749	0.0003699344641209586
1302	0.00036963592444295024
1330	0.000368526210662401
1042	0.000368376720750518
1328	0.0003682733417015601
972	0.00036802600048894615
1600	0.00036749276110005394
880	0.00036726719118839303
1377	0.0003663647982895632
1512	0.00036606040543548036
388	0.00036575803858527727
805	0.0003655994736572921
643	0.00036458758413874517
1134	0.0003641416220821687
1146	0.00036347424314715684
1158	0.0003622572850249816
1623	0.0003621810551659467
1104	0.0003620734989286442
1590	0.00036198952942720786
932	0.0003611878225647875
1392	0.00036059582181402787
1196	0.00036012809925277996
1241	0.0003593383441848505
630	0.00035922836194984207
1402	0.00035911265212683043
1389	0.0003589980375851614
1290	0.00035877280967319745
567	0.0003586256720497213
734	0.00035755709725411556
817	0.00035748682823320404
1142	0.0003572275576449467
1464	0.0003569802343398663
963	0.0003569196111106488
342	0.000356247571389773
612	0.00035568536200305357
1127	0.00035551715563459334
1573	0.0003554406832156595
573	0.00035515663060937356
1631	0.00035463334341749104
1390	0.00035407422940235785
842	0.0003524731069814228
538	0.00035205638679397695
1244	0.0003514398697865091
1465	0.00035112786239720813
961	0.0003508689260641161
426	0.00035063731833122526
1259	0.0003503645614788167
1138	0.00034989174844691557
1226	0.0003492778747335421
1323	0.0003491234170586914
1532	0.00034901487618463714
1194	0.0003488510610578164
110	0.0003487952492749735
1597	0.0003483561912407213
797	0.0003478780999963859
1481	0.00034761033670742696
1350	0.0003470281876920792
330	0.00034668877176121147
1243	0.0003459994897500794
1546	0.00034497791835798883
1566	0.00034497791835798883
1567	0.00034497791835798883
1570	0.00034497791835798883
1577	0.00034497791835798883
1584	0.00034497791835798883
1537	0.00034448850843912067
987	0.00034376233055832687
1170	0.000343739873216421
973	0.00034363618152997115
1443	0.0003433020800494916
1608	0.0003430102156034264
1371	0.00034286631622678287
1064	0.0003422472695771408
415	0.00034194526908123556
1633	0.00034171804031667114
1634	0.00034171804031667114
1636	0.00034171804031667114
1641	0.00034171804031667114
1647	0.00034171804031667114
1651	0.00034171804031667114
907	0.0003407204389665808
897	0.0003406686207061124
16	0.00033979042902041004
1354	0.00033871768643219856
1020	0.00033708890493406977
1340	0.0003370696403659301
1363	0.0003370696403659301
1373	0.0003370696403659301
1329	0.00033706964036593005
898	0.00033601010418652364
1045	0.00033588248885063713
984	0.0003356960774587059
814	0.00033509050873769153
857	0.00033509050873769153
1455	0.0003344272826633698
383	0.00033377720142899593
738	0.0003331156343337352
563	0.000332940325537811
1070	0.0003328674533524533
1610	0.00033280356686511844
600	0.0003320831482674305
344	0.00033207708438678327
1136	0.00033182786127526696
608	0.00033160565106286704
1611	0.0003310279774095326
1491	0.000330576925054122
1051	0.0003305579001571196
1215	0.0003295713319147025
950	0.0003295081818750478
1452	0.0003280708313001682
1453	0.0003280708313001682
1457	0.0003280708313001682
1458	0.0003280708313001682
1482	0.0003271278968870652
1542	0.0003267213174476293
368	0.000326428970401699
948	0.0003259847962522434
683	0.00032557065269241483
1493	0.0003254268012813189
1467	0.0003249741077709231
1510	0.00032496732936037546
1672	0.00032476713280449055
398	0.0003244600677080058
900	0.0003226788891051345
1655	0.00032175928495798345
1515	0.0003211398559938232
902	0.0003200663849094155
1013	0.00031950366837204
1621	0.00031923874751724706
564	0.0003191774667928375
1411	0.00031917633769653155
1476	0.00031868356054431837
1656	0.00031813414779851667
1657	0.0003179046255121288
1505	0.0003178149805136239
1660	0.00031768257578459786
1627	0.0003176773579574201
355	0.0003166370155075431
1520	0.000316145283632134
1599	0.0003156191621056637
881	0.000315271265047626
1526	0.00031520964744237407
1616	0.0003149261762853287
874	0.0003146449191675105
1675	0.00031463016845214404
605	0.00031446663776006856
892	0.0003144502894985143
1678	0.0003142308854873179
1680	0.0003142308854873179
896	0.0003127559416498871
1235	0.0003127191350853844
1236	0.0003127191350853844
375	0.00031253913123995496
1617	0.0003124422178254046
1661	0.00031218445486821245
1472	0.00031187010976219706
872	0.0003115793385014759
1533	0.00031100561457174955
764	0.0003108714162383993
580	0.00031015392406363564
1414	0.0003094453809050318
1113	0.00030899792472082973
1309	0.00030857393759240766
329	0.00030857226301059536
641	0.0003078291318600487
1653	0.0003071516812288913
1222	0.00030629712889096493
754	0.00030414673773292546
645	0.0003012378303608212
1019	0.0002993655913538297
551	0.0002978898972207133
336	0.000296506545400993
624	0.00029571720009944616
613	0.0002951411690302578
837	0.00029186503704141853
339	0.0002912053242870907
279	0.00028995324161099295
1218	0.00028941354859144216
1059	0.00028800512869200506
350	0.0002821112943286216
1023	0.0002815072322413982
836	0.0002810125564022157
1168	0.0002807263112991027
1132	0.0002796354229157647
1248	0.00027855759699678585
818	0.000277135505575761
829	0.00027562101395568034
1025	0.000274393681064202
795	0.0002735336113643014
261	0.0002720816564016484
936	0.0002715229220093475
1107	0.00027117360574980355
1006	0.00027048262376297677
445	0.00027026623810912987
753	0.00027014544102511086
460	0.00026665124124992777
1052	0.0002653795111906208
1034	0.00026456565384176965
878	0.0002643108954004753
730	0.0002642232236929996
1284	0.00026296931571249905
376	0.00026295972003148306
1036	0.0002621113494627142
266	0.0002596456326576926
565	0.0002594356568042889
688	0.0002589058214959542
1069	0.0002565132642271112
725	0.0002562139435780693
1078	0.00025620706371043856
1160	0.000255320008561528
978	0.0002536867324848289
680	0.00025360709443164874
700	0.00025142254963904517
1240	0.00025036809644304295
1157	0.0002500675758765492
634	0.00024954358631927977
1115	0.00024788077101741535
422	0.00024702581267872006
601	0.00024649208314607836
6	0.0002453101354531663
1153	0.00024485856354200026
1232	0.00024479055366285666
1049	0.00024468923015390394
965	0.0002443430987340485
801	0.00024165290659557473
786	0.00023827753317591925
1005	0.00023821327079597384
1209	0.00023800048607623797
1086	0.00023645816262573045
1093	0.00023589481407800268
1112	0.00023514776759578108
457	0.00023498016052724197
459	0.0002345662417223727
773	0.00023247006243986082
1030	0.00023135183658014774
1245	0.0002272040915362175
733	0.000227119942426995
1140	0.00022695191406396206
400	0.00022676766635495738
1199	0.0002266988128146943
1057	0.00022665077761444805
1040	0.00022662203379099466
995	0.0002256721644154737
1207	0.00022566494539980018
320	0.00022421618953159214
1054	0.00022374302103316047
758	0.0002235380250849194
1219	0.00022293847590904774
36	0.0002226188583706849
1149	0.00022205759367647886
1022	0.00022019337465600434
130	0.00021789598838180003
1303	0.00021618650710623224
1121	0.00021462124224383438
1258	0.00021401161865609847
703	0.00021393236009644904
1286	0.0002137984491678797
782	0.0002125883134531649
854	0.000211716176356982
1444	0.00021111722518126505
916	0.00020979568449807723
1224	0.00020939911800972304
989	0.00020897382383425707
681	0.00020641802806270755
982	0.00020638514371672256
1185	0.00020558503599360007
348	0.0002055076768647356
84	0.00020515155110092733
618	0.00020455898880785152
1152	0.0002038892114251347
112	0.00020353232454985615
853	0.00020050424522628343
1166	0.00019984286113345273
1120	0.00019897813320102396
1032	0.0001986104701473711
745	0.00019847938533666117
726	0.000198163993763281
1182	0.00019753540289020924
860	0.00019621547384076447
985	0.00019509868628592085
532	0.0001949103021635569
1066	0.0001934486601356411
351	0.00019340177004283725
811	0.00019214674717819394
787	0.0001915128529726977
454	0.00019119401486411192
1071	0.00019083816249939806
377	0.00019053390425438876
556	0.00019019044275609502
1291	0.00018982047286113506
933	0.00018826691132854264
590	0.00018803191782885138
138	0.00018701537390388635
1084	0.00018596867960869742
1273	0.0001855637716142307
424	0.00018454698039749778
998	0.00018451952792837602
1315	0.00018445030293973033
1518	0.00018252671403835873
807	0.0001822543550912483
1446	0.00017998278099220217
587	0.00017911835749288957
759	0.0001778354099153333
1183	0.000177451773307894
915	0.0001771467430699397
617	0.0001768001581898851
1297	0.00017453043122904238
1249	0.0001743990932931081
1229	0.00017371228298445498
1076	0.0001733895207463788
669	0.00017304821047911325
1296	0.00017239772856159855
533	0.0001723580457287334
1401	0.00017186828171590038
718	0.00017183705797715844
958	0.00017163225754596636
545	0.0001706739974983789
1131	0.0001704144822999401
1204	0.00016938091970961156
1469	0.00016819478311807354
337	0.00016797919795203227
397	0.00016730211963580536
1211	0.0001661382436215309
1285	0.00016592290497829704
767	0.00016508438805616112
1184	0.00016379307081264356
1143	0.00016328495035172093
996	0.00016289712895061463
1404	0.0001622553636219365
903	0.0001622051832208209
714	0.00016202509269419238
1092	0.00016192241991644184
1425	0.0001616219504536472
1128	0.0001611124882135522
885	0.00016108996491374578
1176	0.00016095097131426313
1480	0.00016034957584811095
1479	0.00016024546228427796
1274	0.0001592571673630423
667	0.00015662144682474633
593	0.00015645151049089933
555	0.00015618269965154055
548	0.00015459717790980177
983	0.00015448889678692604
954	0.00015376843690979592
1266	0.00015164663505763592
621	0.00015078463076642924
1099	0.000149552201928633
374	0.00014921210854894446
1337	0.00014905634645246205
536	0.00014883438830931299
1268	0.0001481001081096029
798	0.00014787542526256372
1540	0.00014706834291834263
1283	0.00014686305874899805
309	0.00014659720822387474
1161	0.0001462813335069816
1187	0.00014604045196011785
1171	0.00014564931789828682
1165	0.00014512041091951596
1167	0.0001443867120787475
1088	0.0001441596548546748
37	0.0001432600725126845
592	0.00014243560757248253
908	0.00014215515787021873
835	0.00014207713003321637
1451	0.0001416934067495762
967	0.00014146011152804772
964	0.00014144135309000416
1288	0.0001413288874947746
1198	0.000140432343312569
1111	0.00014010922838550405
1281	0.0001396056117514372
691	0.00013906533777807259
1015	0.00013873733536592058
335	0.00013855619348458772
776	0.00013785010388890346
1000	0.00013717508372883898
1055	0.00013678738858327472
446	0.00013658316739923907
1252	0.00013464368184639208
999	0.00013459356699314053
1437	0.00013245868795863433
1174	0.00013187655200421188
1439	0.00013103698806825732
1503	0.00013096825645517765
1255	0.0001308992089193246
1314	0.0001307182272906251
804	0.00012869580621996184
1415	0.00012789236993905332
1379	0.00012780374280158815
909	0.00012733460131936805
1441	0.00012718003571661517
1375	0.00012677476837154918
894	0.00012640174317720342
918	0.00012623399798368366
848	0.00012609465177880765
976	0.00012579491907490487
867	0.0001253757754072573
359	0.0001251537237160384
353	0.00012427654582241316
870	0.0001241150275330861
1116	0.0001237817769412224
888	0.0001228208531670497
1173	0.00012184903517034432
1475	0.00012150127330574395
1038	0.00012001714016967816
1445	0.00011992521902814893
883	0.00011989930718811437
914	0.00011975378695182395
1214	0.00011855443340138188
901	0.00011757183664426597
970	0.00011683844778733169
912	0.00011635455210355557
1276	0.00011518758207605552
1062	0.00011518271936278406
1280	0.00011408387950495386
1531	0.00011390748928537623
1271	0.00011311593152254847
1105	0.00011274127746324388
1159	0.00011260994048991258
1262	0.00011179966769137103
1253	0.00011108535214886787
390	0.00011063112589219206
1282	0.00011053760621463067
1082	0.00011049662475397554
1151	0.00011024407820157249
1202	0.00011019733070791272
1227	0.00010977447930569656
1499	0.00010921822324413501
1145	0.00010903979260710482
1072	0.0001085704652782711
1094	0.0001074450786088526
1024	0.00010661852195156475
927	0.00010647408814761839
1148	0.00010593904431631954
1376	0.00010568089256223833
1462	0.00010443216182717223
1200	0.00010371090118143355
1247	0.00010255479325411766
1322	0.00010240653517539328
1553	0.00010162249984735267
1394	0.00010100734783156463
1250	0.00010048327537430388
1438	0.00010010224209302691
1150	9.974195799718116e-05
1560	9.955243504575483e-05
1529	9.890435736021125e-05
1413	9.85948648597959e-05
1043	9.803852955635421e-05
1615	9.79357538665198e-05
1522	9.742719295542288e-05
1456	9.670785522463058e-05
899	9.652405386562493e-05
1213	9.579569566412555e-05
1380	9.51125336911159e-05
1077	9.502140105272639e-05
1514	9.484690323273641e-05
1177	9.40757662404235e-05
1535	9.384471591811542e-05
1081	9.315264378916502e-05
1409	9.260243266010298e-05
1509	9.194385204436304e-05
893	9.170814821851207e-05
994	9.13434088666118e-05
1382	9.113794488210942e-05
884	9.09229800645089e-05
437	9.07664103170204e-05
439	9.07664103170204e-05
1319	8.954037659160478e-05
1384	8.919540163994102e-05
1387	8.919540163994102e-05
1391	8.919540163994102e-05
1393	8.905624365481706e-05
594	8.868837483244034e-05
1368	8.853908218154858e-05
777	8.800381904611357e-05
920	8.778240731955762e-05
1449	8.767791583794164e-05
1501	8.764689188623612e-05
1003	8.749143367494411e-05
1289	8.733148804784779e-05
74	8.717171365003632e-05
1434	8.695913202038466e-05
757	8.684188963335882e-05
361	8.660298951781996e-05
1423	8.639071238634476e-05
1530	8.611149528117828e-05
75	8.566951625395764e-05
935	8.565241876089744e-05
1075	8.520855139214714e-05
1313	8.464529600718498e-05
1539	8.371170212810385e-05
1351	8.352615664693009e-05
104	8.349599956411491e-05
666	8.31026770142012e-05
267	8.29642651510379e-05
861	8.148548370295239e-05
911	8.132607568316042e-05
1487	8.114134666166122e-05
1490	7.984191738469578e-05
1589	7.969025795854556e-05
858	7.902438422446047e-05
1405	7.87391653971879e-05
1474	7.85061639084039e-05
1287	7.745101965346186e-05
1162	7.716315351254171e-05
1549	7.642955677336395e-05
1554	7.642955677336395e-05
1578	7.642955677336395e-05
1370	7.627651127527553e-05
1242	7.486336900719751e-05
1466	7.467919313512772e-05
1369	7.436856846545729e-05
1190	7.39971083229095e-05
1620	7.354949363113722e-05
1275	7.345797346806209e-05
1440	7.248022981263807e-05
1254	7.238197235938723e-05
1558	7.225533571314528e-05
1334	7.20035463357464e-05
1448	7.143144770602154e-05
788	7.117864304286306e-05
1555	7.062373058090237e-05
1591	7.043527217284414e-05
1459	7.033097506880663e-05
1381	7.01636516997685e-05
1257	7.003770835832937e-05
784	6.98308339105386e-05
1212	6.971205043453089e-05
1385	6.966692253119932e-05
1442	6.965788988139968e-05
850	6.866648408818165e-05
1592	6.852250606500393e-05
1216	6.843355508404473e-05
1186	6.813326298365823e-05
1316	6.79507699500348e-05
1399	6.753114149001982e-05
1545	6.734560912424587e-05
1397	6.719474134747171e-05
701	6.714003589353643e-05
1516	6.706153782149772e-05
1406	6.684055796660492e-05
913	6.65979465655255e-05
598	6.647093416376741e-05
1484	6.645334476779403e-05
1538	6.599644324957993e-05
1643	6.574440056378669e-05
1524	6.570361654143283e-05
1361	6.567210544365244e-05
1422	6.564199001906761e-05
1605	6.546736921574339e-05
1238	6.525397850267577e-05
1260	6.512972525916638e-05
822	6.455485423466469e-05
1552	6.419928108338014e-05
296	6.376920531652895e-05
1403	6.372816337136644e-05
1489	6.334143679843716e-05
1027	6.243903321677924e-05
1427	6.240702854123658e-05
992	6.221439337217214e-05
1511	6.217397915112637e-05
1272	6.2055769825825e-05
1299	6.195991803914779e-05
1408	6.0756642270973716e-05
1506	6.060481116868074e-05
247	6.044689511741963e-05
1496	6.025324990826164e-05
1256	5.9656701093498184e-05
1418	5.954543605563571e-05
1233	5.9276788358160606e-05
1416	5.915135603040479e-05
1326	5.791834923927458e-05
314	5.789766169259721e-05
1588	5.7026676867129714e-05
839	5.696931519774155e-05
1355	5.672084183681208e-05
1301	5.665818742204088e-05
1083	5.665251481152368e-05
1144	5.634118954457797e-05
1106	5.627581358497894e-05
1367	5.533970352147612e-05
1521	5.518439165759436e-05
1544	5.458139640810517e-05
1550	5.426652861013214e-05
1644	5.3793346194209115e-05
1321	5.2694144482604965e-05
119	5.264811655115923e-05
1251	5.206840105248339e-05
1607	5.1734219038496694e-05
1519	5.153557799216209e-05
957	5.106838679506797e-05
1432	5.0014623545519776e-05
1331	4.9178331596637006e-05
1547	4.877536116169677e-05
1551	4.877536116169677e-05
1639	4.833152735672032e-05
1175	4.8204309037606243e-05
1485	4.779856134576141e-05
891	4.77916461645597e-05
838	4.757595826516386e-05
1629	4.7363352086728025e-05
1642	4.69782021983457e-05
1436	4.6744873405317076e-05
1306	4.671071238355669e-05
1307	4.671071238355669e-05
1308	4.671071238355669e-05
1429	4.6536969336883516e-05
1598	4.638714743045041e-05
1026	4.62328062632102e-05
868	4.576688120587457e-05
1410	4.5653916901331083e-05
1664	4.556677662139697e-05
1292	4.548611887892039e-05
1155	4.54122822076773e-05
1237	4.5145910318769227e-05
1123	4.389959234024672e-05
1372	4.332873631850326e-05
1556	4.284212756962535e-05
1609	4.2396211623364176e-05
1646	4.221490956478448e-05
1234	4.191851657261822e-05
1327	4.19115666824244e-05
1360	4.167472008916376e-05
1189	4.1654213570645406e-05
1527	4.161620283459629e-05
1602	4.1187189204023804e-05
1347	4.117454364299213e-05
1548	3.9831347808808005e-05
1557	3.9831347808808005e-05
1559	3.9831347808808005e-05
1561	3.9831347808808005e-05
1562	3.9831347808808005e-05
1563	3.9831347808808005e-05
1564	3.9831347808808005e-05
1565	3.9831347808808005e-05
1568	3.9831347808808005e-05
1569	3.9831347808808005e-05
1571	3.9831347808808005e-05
1572	3.9831347808808005e-05
1574	3.9831347808808005e-05
1575	3.9831347808808005e-05
1576	3.9831347808808005e-05
1579	3.9831347808808005e-05
1580	3.9831347808808005e-05
1581	3.9831347808808005e-05
1582	3.9831347808808005e-05
1583	3.9831347808808005e-05
1586	3.9831347808808005e-05
1587	3.9831347808808005e-05
1508	3.978069706467804e-05
1332	3.8386347331240756e-05
1345	3.8067440240795146e-05
1534	3.788294537674618e-05
1513	3.747218687898135e-05
1374	3.677627433981091e-05
1630	3.659822800401754e-05
1632	3.659822800401754e-05
1635	3.659822800401754e-05
1637	3.659822800401754e-05
1638	3.659822800401754e-05
1640	3.659822800401754e-05
1645	3.659822800401754e-05
1648	3.659822800401754e-05
1649	3.659822800401754e-05
1650	3.659822800401754e-05
1362	3.5607603323046056e-05
1396	3.533924365165569e-05
1357	3.509853308555467e-05
1358	3.4949685734441764e-05
1294	3.458274355444442e-05
1365	3.431981241346482e-05
1497	3.359622588280977e-05
1658	3.3468870400212265e-05
1594	3.322724325062948e-05
1342	3.305889014683466e-05
1320	3.216781664555319e-05
1325	3.216781664555319e-05
1339	3.216781664555319e-05
1341	3.216781664555319e-05
1343	3.216781664555319e-05
1348	3.216781664555319e-05
1349	3.216781664555319e-05
1352	3.216781664555319e-05
1364	3.216781664555319e-05
1366	3.216781664555319e-05
1125	3.137547806365309e-05
1477	3.116758799317551e-05
1528	3.102695969566926e-05
1096	3.0683306262516606e-05
830	2.9999916049969744e-05
852	2.9999916049969744e-05
1450	2.9660575080718164e-05
1463	2.8736619048568995e-05
1504	2.8510230433196572e-05
1420	2.7387427113058318e-05
1398	2.6576880125753295e-05
1431	2.4812938373402354e-05
1417	2.3840381684422372e-05
1502	2.378766859892531e-05
1447	2.311300652167792e-05
1460	2.311300652167792e-05
1461	2.311300652167792e-05
1541	2.29968388056717e-05
1603	2.2718678687306497e-05
1652	2.2411622288921608e-05
1500	2.202200884044196e-05
1622	2.1801306053649926e-05
1304	2.139606314406434e-05
1523	2.0807186706937924e-05
1486	2.052635397663794e-05
1492	2.052635397663794e-05
1494	2.052635397663794e-05
1498	2.052635397663794e-05
1191	2.0436465221056938e-05
1080	1.992631594407925e-05
1662	1.8058449859778215e-05
1663	1.7186341952462773e-05
1665	1.7186341952462773e-05
1666	1.7186341952462773e-05
1667	1.7186341952462773e-05
1668	1.7186341952462773e-05
1669	1.7186341952462773e-05
1670	1.7186341952462773e-05
599	1.6744648531606816e-05
677	1.6744648531606816e-05
1612	1.585399547514795e-05
1681	1.4760885328528254e-05
1525	1.4276362588148891e-05
1543	1.3480690760036611e-05
1201	1.313129441730378e-05
1659	1.3070307908014527e-05
1682	1.2918997339010976e-05
1536	1.2267371615070714e-05
1626	1.1886052504578728e-05
1507	1.1745038783539695e-05
1293	1.1497516862167078e-05
1430	1.1451117922869172e-05
1679	1.1162171804338735e-05
1676	1.0374539113516291e-05
1593	9.515257269134472e-06
1604	8.949891846219376e-06
1130	8.890294402645542e-06
1677	8.864424016896901e-06
1595	8.453037041281656e-06
1596	8.453037041281656e-06
1122	8.140933608286051e-06
1674	7.52057977460685e-06
1619	7.458496593919582e-06
711	7.1788670127081375e-06
1310	6.846548288645046e-06
1433	6.6331669556776585e-06
1606	6.541812560423292e-06
1613	5.862879591873915e-06
1601	5.7384910514725224e-06
1614	5.0511036301111016e-06
1624	4.615968604023691e-06
1625	4.615968604023691e-06
1673	3.961731594782275e-06
1156	3.66887695849604e-06
1654	3.2106096330787257e-06
1671	2.8178073061577675e-06
1618	1.9799117361489157e-06
