50	0.0033459743846705487
181	0.0030808172216235732
121	0.003041526973280649
98	0.0030189176639085595
1	0.0030055483926742033
174	0.0029451598995007115
100	0.002943904654816018
79	0.0028511548302934914
210	0.0028333002778010413
56	0.002756389357921937
294	0.002723692021481491
117	0.0027168694118647066
423	0.0027085520696697673
172	0.00269081118704442
204	0.002686462373317617
216	0.002610089272402699
202	0.0025704660159564154
258	0.002537646810718505
82	0.0025097448857012987
28	0.0025054489830870566
64	0.002497209938941844
7	0.002494664361991949
69	0.0024887614947229054
127	0.0024873186004177265
151	0.002484964887593275
168	0.0024148940674692133
288	0.0024134036605081488
173	0.002388553867040139
195	0.0023846367434511074
405	0.002359758779142315
25	0.002336134998802993
96	0.0023227755005024785
568	0.002314818547464452
222	0.002314642606070367
237	0.0023014027001777037
22	0.0022930489363190837
144	0.002277788566655116
357	0.002274587632561658
234	0.0022484399110125185
176	0.0022295267739271076
143	0.002223741233019032
183	0.002218828756963646
286	0.002203669203472523
89	0.002199822588457097
403	0.0021763430669225993
179	0.0021648612841828367
191	0.002164093395071785
318	0.0021598367523266142
111	0.0021385288519088796
12	0.002121745309517399
197	0.0021215911976142253
97	0.0021178995428937854
238	0.0021144256962408324
483	0.0021102844400526124
186	0.002101795809290461
15	0.002096308367824572
196	0.0020948621955046483
70	0.0020807846293901715
276	0.0020753567628202566
135	0.002070127020995512
228	0.002029447283487758
132	0.002018222265668255
153	0.0019899885011106836
566	0.001985581867548415
732	0.001979704239380586
11	0.001974473509609097
58	0.001968020386788936
118	0.001957624943733307
161	0.0019568362449552167
655	0.0019398636761383495
527	0.0019371162630366597
300	0.0019350600857658406
4	0.0019277559862677376
385	0.0019225935490377727
273	0.0019106307031196523
265	0.0018981556796177476
95	0.001897654294438281
451	0.0018965045204423431
185	0.0018957489015530595
9	0.0018905889447700655
71	0.0018886823383232926
739	0.0018781514290913705
182	0.0018765865104976942
546	0.0018765016457395287
419	0.0018704530826283824
88	0.0018622239001156295
474	0.0018508561803542154
257	0.0018397413793737223
215	0.0018370195157949617
393	0.0018104734798223055
194	0.0018022049259513037
692	0.0018012609713124416
313	0.0017972624758819948
8	0.0017956823281811915
742	0.0017843350615844428
239	0.001780887388250031
180	0.0017783622019977227
268	0.0017758546251384522
480	0.0017559747047286947
496	0.0017538965983893008
31	0.0017527829970830015
200	0.0017502554493839407
250	0.0017414700272596901
211	0.0017293559787856
208	0.0017271417594593027
582	0.0017237793515137558
230	0.0017227531160685723
235	0.0017099787380832085
133	0.0017063181211666347
175	0.0017035372681177736
588	0.0016950922731241275
511	0.0016935306105731603
125	0.0016878245687755363
209	0.0016764106035309135
274	0.001673540822362354
147	0.0016705861913513028
367	0.001666359582689864
187	0.0016603454847177461
203	0.0016529215415053357
435	0.0016492175839159962
164	0.0016460563166797396
427	0.0016398699844891171
411	0.001627405007822985
472	0.0016247750801972008
226	0.0016100875154620301
433	0.001608122512493882
218	0.0016068157069830354
603	0.0016045239781099588
475	0.0016025514657354567
99	0.0016009468352433261
302	0.0015989638273457808
748	0.001595287795423191
94	0.0015928878643018535
124	0.0015924880671372866
628	0.001583122802957206
241	0.001582535734634915
86	0.0015758147980274766
402	0.0015739611722071533
275	0.0015729858819884795
282	0.0015688316105409393
462	0.001568223744026832
134	0.0015679667405167172
188	0.001564373458783565
523	0.001557698400110768
328	0.001544400514727623
269	0.0015442062952637434
229	0.0015425359898425697
471	0.0015416551311702594
746	0.001536635179646164
240	0.0015358879769560767
684	0.0015326183999075397
597	0.0015247425671842195
550	0.001522948146445665
432	0.0015203611783979468
23	0.0015094597173118546
418	0.0015091931006025923
217	0.0015064586582607049
283	0.0014990229289714135
281	0.001494102426912625
443	0.0014926914999633344
198	0.0014862058829632659
154	0.0014861600696899264
137	0.0014860110184257325
177	0.0014818641263194066
651	0.0014777516728014654
66	0.0014776792713519706
284	0.0014632413583504594
77	0.0014552543203988208
227	0.001452123949346716
83	0.0014397097090963651
470	0.0014335915558226085
479	0.0014307179449897334
193	0.0014265578209403291
763	0.0014170949999222637
184	0.0014159449951452899
1028	0.0014095728132185292
431	0.0014068210804511294
508	0.001405164170012687
482	0.0014034146333837556
559	0.0014015938651047075
190	0.0014013101642207269
231	0.0013899690610002784
520	0.0013889752461840915
679	0.001387816768053552
24	0.0013861902912189654
13	0.0013823691885667204
660	0.001376889069028076
42	0.0013653426233047146
514	0.0013644432810303259
473	0.001360861147416278
515	0.001359111626891424
199	0.0013582320312989307
747	0.0013567932990931845
91	0.0013542142272976667
845	0.0013460023910622965
591	0.0013451433081104595
68	0.0013432574934945452
735	0.001338832133746025
554	0.0013354101674348563
72	0.0013298222382785124
289	0.0013296378275213874
55	0.0013293233071951065
293	0.0013291203886144473
255	0.0013288309528270306
709	0.0013229707521010745
2	0.0013228132349194796
528	0.0013193088736621215
47	0.0013182895017865087
87	0.0013143623762882795
693	0.001314328567354701
249	0.0013124011996296049
576	0.001311496846013139
333	0.0013061580126510898
298	0.001288134861146215
378	0.0012878732298549909
636	0.0012870322266658645
73	0.0012843665003500148
755	0.001279898949131548
123	0.0012798268359764645
340	0.0012762188051919756
156	0.001269308829870322
410	0.0012682375851013623
654	0.00126180131893423
498	0.0012599789750571144
53	0.0012578379491556824
122	0.0012575148074363079
259	0.001257020045500556
248	0.0012546953955807842
162	0.0012546644582600022
245	0.0012514790217235418
506	0.0012487481606943984
62	0.0012471461117045893
685	0.0012448636867284021
301	0.0012417381997990265
678	0.0012392356574119166
425	0.0012303926745028686
271	0.0012275809274974638
596	0.0012227957165433173
223	0.0012187178805171674
233	0.0012183571664893629
321	0.0012169820653290192
928	0.0012102317735358011
729	0.0012084720654252892
518	0.0012031827467624918
131	0.001199855343575053
38	0.0011977563840401815
430	0.0011945043829964255
347	0.0011929480622666353
323	0.001191895987986273
658	0.0011872439557893035
501	0.001186088023182826
29	0.0011856765557221845
157	0.0011852339031979957
14	0.0011845095264251947
455	0.001184224937235177
81	0.0011816014170912923
673	0.0011788089621556452
260	0.0011727192827299148
322	0.0011714558735280254
447	0.0011682398988734175
476	0.0011649593131352778
652	0.0011632861673775143
507	0.0011618724197818015
65	0.0011603435680220034
428	0.0011590175974951471
63	0.0011557417855893955
163	0.0011554823502441533
866	0.0011538082555229605
380	0.0011525433218609025
417	0.0011508303092880436
1074	0.0011484263856607595
252	0.0011454393755887197
529	0.0011407160230578381
631	0.001140142099016583
412	0.0011387042982748236
720	0.0011369324274897385
219	0.001126546076561682
272	0.0011244552481144263
657	0.0011242484781404684
526	0.0011234002395270756
815	0.0011233116560866773
54	0.0011228705748804956
150	0.001116100775984648
310	0.0011107385050697037
205	0.0011107380843040744
705	0.0011029629758070043
316	0.0011009169480931014
80	0.0010955871362264339
304	0.0010910898736616842
484	0.0010891701004074248
662	0.001088137686965038
21	0.0010847861099237339
531	0.0010836132202335085
332	0.001083538122088453
521	0.0010788335554857056
178	0.0010746066244813107
661	0.001074577489718114
485	0.0010745590109001524
213	0.001072742743788885
449	0.0010713915220582786
509	0.0010705218458897585
325	0.0010702505802078763
59	0.0010699294476346174
67	0.0010682458955141021
530	0.001066765768486385
584	0.0010667315291689303
387	0.001065532043855158
504	0.0010633572601860184
232	0.0010632785322174918
663	0.001062219292712544
48	0.0010601110281004663
751	0.0010583069631390288
92	0.001055060838713634
1047	0.0010498024668140972
1101	0.001049217395745737
1016	0.0010491819686925831
382	0.0010476131729660306
285	0.0010433281355758937
170	0.0010401173773355902
469	0.0010395149114228465
404	0.001038794154169149
291	0.0010273482449385573
421	0.001025913243119
392	0.00102359505111434
549	0.00102353155765945
578	0.0010232903738090634
109	0.001020947938290511
510	0.001020133793668417
826	0.0010156997054650478
307	0.0010150799749323433
192	0.0010106047563079854
708	0.0010088430782820995
214	0.001007994629634987
356	0.001007365275704073
264	0.0010057437183360787
436	0.0010039925814323864
715	0.0010036092198239112
90	0.0010028710910205687
317	0.0010017649798785755
128	0.0009987444137099476
452	0.0009963121030022947
463	0.0009956504028669605
659	0.000994702413004603
155	0.0009924701937065637
665	0.0009921295653255004
491	0.0009897756266068767
148	0.0009884839819573818
391	0.0009827955482625324
207	0.0009748165560303482
553	0.000973708606499362
159	0.0009723178698544161
604	0.0009686724536516935
33	0.0009659568909238
770	0.0009624134675544828
129	0.0009586923626694965
171	0.0009586856863206862
642	0.0009586395728625048
561	0.000954666240919643
762	0.0009537479920106509
292	0.0009514213522836259
606	0.0009509329306375918
756	0.0009466807769217507
126	0.0009448186568380022
319	0.0009416872832734595
516	0.000940628403135216
386	0.0009371747380776861
607	0.000936602250559802
792	0.0009353346185854597
44	0.0009342325306947209
140	0.0009328759459174627
315	0.0009323976728895003
399	0.0009311786336915596
686	0.0009311006634414919
699	0.0009296832865761076
633	0.0009268433901347076
169	0.0009238744043590098
93	0.0009227359144543696
52	0.0009212003721810344
721	0.000918508954649201
448	0.0009169578860686018
946	0.0009149290554352598
450	0.0009129372862751023
20	0.0009110618676518418
116	0.0009108704452696793
51	0.0009105956812293792
381	0.0009067369226014962
326	0.0009003628698376321
49	0.0008961822254980297
136	0.0008957551454239946
855	0.0008950885487548866
39	0.0008885725677821507
712	0.0008865948289182226
648	0.0008845278524482678
212	0.0008842843183339599
541	0.000884173582888174
728	0.00087877179960895
290	0.0008751555429433969
17	0.0008737362668828352
246	0.0008658140123047139
542	0.0008650193449993918
429	0.0008616715403427207
270	0.0008609857110916093
327	0.0008608286544426629
781	0.0008598119338692061
102	0.000858279766632141
225	0.0008568008378488489
401	0.0008552032462153176
467	0.0008542349233465194
254	0.0008512352503626604
5	0.0008505783968687715
931	0.0008499018591669875
562	0.0008484366832679307
420	0.0008457380421724092
358	0.0008452807974111139
517	0.0008388157225804405
486	0.0008370865803136148
615	0.0008345459536249207
3	0.0008322524692949627
312	0.000831204491204475
478	0.0008284924386186866
1044	0.0008279111728481123
831	0.0008276389607245895
354	0.0008274355109084358
1011	0.0008272821334160981
602	0.0008269881866215466
465	0.000822117392139135
820	0.0008209992342743299
489	0.0008163447164667699
625	0.0008149474973725647
201	0.0008140920541404092
783	0.00080881508175575
141	0.0008077791799727491
32	0.000806047088813148
1014	0.0008014090171111728
461	0.0007995120544688486
152	0.0007991206025552067
444	0.0007988024213339813
640	0.0007984499002027562
595	0.0007963687133736223
710	0.0007927262666962472
809	0.0007917884164752897
346	0.0007904052882439392
1091	0.0007889396629597444
921	0.0007872441789123076
558	0.0007848006356823245
778	0.0007845646871206275
490	0.0007799840524466234
1039	0.0007788891474787181
369	0.0007776212672173419
977	0.000775661865996118
664	0.0007729339244430738
627	0.0007709781917325459
408	0.0007706983913947834
697	0.000770229773246122
477	0.0007693069113787696
823	0.0007690981842458181
919	0.000766765159556236
101	0.0007656267731573642
569	0.0007646733270689802
384	0.0007585569422178022
41	0.0007577254626614014
926	0.0007571573724353363
26	0.0007558720159875344
740	0.0007555331845845064
303	0.0007547752055021387
629	0.000754164527554227
825	0.000753415147982323
780	0.0007519740359625314
589	0.0007486377258341334
160	0.0007472883831904465
243	0.000747130051968895
10	0.0007445410190698254
690	0.0007411550569721132
724	0.0007407115970928885
736	0.0007397195785621099
1012	0.0007364526411594133
813	0.0007345164910281787
324	0.0007344101384908851
1017	0.0007338505875006161
879	0.0007326172759282909
343	0.0007317807584844587
224	0.0007297968065874581
57	0.0007265790101562111
535	0.0007256810941700521
959	0.0007220559100673247
647	0.0007209113771921425
519	0.0007198337161562623
644	0.000719426387126127
890	0.0007128905123931267
167	0.0007112905967720598
790	0.000711177146928981
650	0.0007105208094546323
779	0.0007089407935936876
940	0.0007086406825726464
525	0.0007071584013988263
371	0.0007061338764806902
843	0.0007050304998556442
45	0.0007043849991465389
468	0.0007025451905232255
396	0.0006983928602770671
727	0.0006971187523079732
1063	0.0006950352737945596
1197	0.0006938766521980236
372	0.0006916335736836298
750	0.0006897842478598862
505	0.0006891206579918061
1035	0.0006876935913676211
653	0.0006849698134059492
464	0.0006830157118327036
930	0.0006825796265661443
895	0.0006825353431443838
972	0.0006787334494286727
1021	0.0006781511921543452
846	0.0006770400794841053
805	0.0006724517371610864
616	0.0006721139227777389
458	0.0006675927816783578
1048	0.0006674076043165402
963	0.0006673069499116307
877	0.0006671667531253548
612	0.000664773552011391
573	0.0006646297418551668
426	0.0006645103893701885
722	0.0006638594012091227
280	0.0006636249856288254
110	0.0006623044768813565
330	0.000661200080908925
939	0.0006607555006819985
949	0.000659989680265855
1226	0.0006595103558173633
85	0.0006585758617273916
40	0.0006577796169695988
672	0.0006567882889006298
242	0.0006542247353512961
76	0.0006541706568628489
414	0.0006539801466614608
922	0.0006525525903508611
744	0.0006519866264879122
717	0.0006514713195810221
105	0.0006512834966561757
1170	0.0006512044430538014
696	0.0006501727089393032
707	0.0006492102175876097
984	0.0006489047600724009
581	0.0006488430683872727
434	0.0006433246004785722
488	0.0006431452286218561
27	0.000642424710864576
1041	0.0006420162290568123
416	0.0006411235785797499
398	0.000639763513533729
1136	0.0006394337585788165
737	0.0006393476612982583
924	0.0006393222139600657
902	0.0006378700004930015
287	0.0006368526165446363
1051	0.000636813252083979
145	0.0006366944856830357
950	0.000636474197402641
368	0.0006345836739560379
683	0.0006332533628721532
1013	0.000633192685061339
969	0.0006322458893977373
497	0.0006319373703429133
1411	0.0006305831379773915
619	0.0006304986694896859
61	0.0006287210481278922
702	0.0006264393170324834
605	0.0006257319910518864
355	0.0006248736306651785
716	0.0006230435178262229
513	0.0006227173015575872
375	0.0006226836755700354
872	0.0006198886132411484
158	0.0006195721855379762
864	0.0006179462174940242
60	0.0006168978576113805
221	0.0006160231691133124
752	0.000614390483954487
142	0.0006134571904181049
1073	0.000613104623993795
544	0.0006115751406906855
331	0.0006103351367862259
502	0.0006084294728388595
624	0.000608103135745391
539	0.0006053127804436372
139	0.0006050100812732983
837	0.0006044992099671696
713	0.0006043803343477967
676	0.0006041011562698822
768	0.0006007651085269761
1218	0.000599981035781848
481	0.0005996750318120619
336	0.000597819857998749
366	0.0005972920354073344
1126	0.0005969468843173228
279	0.0005962233018687162
409	0.0005959295061229793
1059	0.000594900633105164
261	0.0005921358351926836
338	0.000590543112571831
649	0.0005903141685565696
1025	0.000589007525223479
395	0.0005877344257078715
942	0.0005875154600974099
818	0.0005858660475170513
106	0.0005855356147743707
1119	0.0005848343911940826
149	0.000584449886477513
120	0.0005842288131084908
829	0.0005820356449209422
445	0.0005811447180827229
1006	0.0005803580459909553
789	0.000578927155102052
1036	0.0005754920576481881
277	0.0005753787440135724
730	0.0005750871820523745
806	0.0005746051607309026
1284	0.000571997939688085
1478	0.0005719182877110005
499	0.0005713200895299906
492	0.0005703418177641894
266	0.0005702778299554853
570	0.0005696170255934335
609	0.0005689605168380993
1078	0.0005688794833934934
675	0.0005682576290143193
1069	0.0005672006919246486
422	0.000566276505446491
863	0.000566256334643289
1103	0.0005661469014234164
1160	0.0005661378817783346
552	0.000565104058600032
849	0.0005647104668329852
1240	0.0005630085530337252
978	0.0005612438476358269
632	0.0005599858594799199
601	0.0005587831630796302
108	0.0005574760419587928
189	0.0005554933257875934
206	0.0005549712387227664
1115	0.0005538091565107406
1153	0.0005526849986923301
761	0.0005518693994180105
493	0.000551696360288862
1118	0.0005513705339298478
295	0.0005505768340070747
6	0.000549019441799615
466	0.0005488960717626977
801	0.0005480565061556128
1209	0.0005475926118424274
794	0.000547415759884703
512	0.0005471285885019884
1005	0.0005460463943888552
305	0.0005451408615756658
457	0.0005438685376499331
674	0.0005427484468274605
1046	0.0005423411101614201
824	0.0005412483124514347
1061	0.0005411649661004829
1228	0.0005407028260580322
689	0.0005391740336125784
904	0.000538661484142517
487	0.000537832027576627
871	0.0005372295264500133
400	0.000536724531749355
682	0.0005365548364422263
955	0.0005364919979208934
459	0.0005360633274005264
995	0.0005347792536613981
614	0.0005347633238159889
1140	0.0005341148534710749
1135	0.0005340571465501734
1219	0.0005338579217146392
1245	0.0005330885241851925
1040	0.0005320986071596693
320	0.0005314268556577302
36	0.0005303095628610536
1057	0.0005302909450922499
365	0.0005292915149229482
1054	0.0005273408142845919
494	0.0005272368104219424
681	0.0005264986448588228
130	0.0005237121296962857
1058	0.0005228723236096204
1224	0.0005219182283140163
810	0.000521462476347729
854	0.0005211449654680249
441	0.0005210845715311975
540	0.0005206342486076727
220	0.0005180878585957886
1185	0.0005166447146442064
495	0.0005150305395481804
165	0.0005149326792329743
772	0.0005137447644457669
84	0.0005127884453740123
112	0.0005124234763307082
1419	0.0005119540922534383
956	0.0005116224430903922
982	0.0005113642172195114
166	0.0005111724113631729
741	0.0005108039274190696
1029	0.0005104616173992648
726	0.0005089333393064148
532	0.0005087930887573598
671	0.0005083427432559635
363	0.0005081872501935017
745	0.0005081475010219358
413	0.0005080717193644623
991	0.0005067352182439051
43	0.0005033808793059966
556	0.0005027086672359744
860	0.0005017198831193332
934	0.0005015443932787307
440	0.0005012871458573597
941	0.0005011679556117619
379	0.0005010334952265047
787	0.0004999714694353887
262	0.0004993505038796644
1071	0.0004991623351761566
944	0.0004956847557997364
1315	0.0004952706078986709
1291	0.0004952155560021852
575	0.0004947237543406248
993	0.0004933946402862784
424	0.0004931777016841611
306	0.0004928170788234372
802	0.0004908005276248559
923	0.0004904077431118924
1065	0.0004893230564657178
1009	0.00048813318612665366
1084	0.00048801354679622075
847	0.000487928914280685
687	0.0004875248055310817
352	0.00048691315629970945
577	0.00048658720789476853
731	0.0004864450759651564
1249	0.00048620832813459135
873	0.00048511603751287617
669	0.0004845157250892756
915	0.00048422075785382933
114	0.00048338602272375976
968	0.0004833671633952927
1229	0.0004824613272937325
545	0.0004815349951029802
1277	0.00048063278260293595
1131	0.00048011177832120845
958	0.00047981642220836537
299	0.0004794374611771244
1204	0.0004791011753706829
771	0.0004760627923045284
1221	0.0004760148626010885
1425	0.00047385937349646794
840	0.00047326614862158717
1184	0.0004732171876950362
833	0.00047223843760367876
1267	0.00047200305432753366
1217	0.00047186428030253466
1195	0.0004716647442881615
1169	0.0004714364789047261
1479	0.0004711597505688402
785	0.00047096414983297224
1188	0.0004702591982923456
555	0.00046734289781972193
1128	0.0004669084876999277
667	0.0004660344670820378
827	0.00046584974019145463
1172	0.0004639964163275573
1210	0.0004633621174487678
769	0.0004628642867199237
621	0.00046208169758592347
1180	0.00046135741607095636
1283	0.0004613477307411967
638	0.00046063471659857027
374	0.00045979736978038607
610	0.00045959219535747476
798	0.0004592035613081173
309	0.0004579482546058697
765	0.00045793537960758655
1268	0.0004572914019630291
1540	0.00045723387354960725
583	0.00045494966344284185
19	0.0004521448669253765
1010	0.0004520047511900873
1451	0.0004517869286567906
796	0.0004517567079728707
373	0.00045156552398889293
585	0.0004511847506122009
1110	0.00045042366871059756
1165	0.00045007230050994677
943	0.00044924005524599
1281	0.00044659724071175274
236	0.00044623546306940906
951	0.0004455766193048303
1198	0.0004452527645757745
691	0.00044521715524290325
999	0.00044517447078968757
1015	0.0004443069612754848
888	0.0004441986600409347
278	0.00044398706769619947
35	0.0004437228821037982
639	0.0004422487208930668
622	0.00044187890517290233
894	0.0004406094264627699
1174	0.0004402436691910265
1220	0.000440156330049587
723	0.00043855259070433607
311	0.00043851985852609284
503	0.0004377983920165095
345	0.00043750490960125534
988	0.0004359673840221415
1255	0.00043519285160535903
1098	0.00043455798197152137
1079	0.0004327822209003464
364	0.00043232745343383495
914	0.0004318795118014978
867	0.00043171562771301454
883	0.00043049492920225227
656	0.000430332103844402
1038	0.0004301783526823552
78	0.0004280899523886022
1139	0.00042708191899095956
359	0.0004266981658250931
970	0.0004263929286509552
1271	0.00042588644424323345
586	0.00042501968108749056
670	0.00042473706513733927
912	0.00042467511640105834
620	0.00042463830743193497
623	0.00042442502262057856
1280	0.00042426536806159813
30	0.00042415104700390364
390	0.0004214584451491813
1072	0.0004203760574440718
1499	0.00041860012707856337
1483	0.0004177613068235794
887	0.00041518897562705244
1202	0.00041513360737099544
1200	0.0004149314670509473
146	0.0004144499659654104
1247	0.0004129131028732766
1090	0.00041279623329976145
1615	0.00041279343823330875
1094	0.00041212409970932845
1050	0.0004101927851016522
1024	0.0004101493036941833
571	0.0004091259972854587
1522	0.00040838431243871414
1322	0.0004079306296591161
1514	0.000407564371347759
975	0.00040733975172933145
1300	0.00040592989463966836
844	0.00040546441077791246
406	0.0004051958852416449
34	0.0004037072179308697
1382	0.000403524105231498
334	0.0004032697456283915
917	0.0004025769406508273
841	0.00040123389960900537
875	0.0004011021989708472
1081	0.0004008975932413367
637	0.00040074877544006663
437	0.0003996532532142276
594	0.0003988224703806038
456	0.00039786047699422904
524	0.0003978357677865131
1530	0.0003977817813656026
694	0.0003973624000597257
884	0.00039721341659826087
945	0.00039676960419596084
572	0.00039659011144617905
1346	0.00039586823696124496
1075	0.00039573868011976966
774	0.00039508079051919456
666	0.00039475110201914865
646	0.0003943380081525117
760	0.0003934538689955007
1405	0.0003934333823483703
537	0.00039338325100751607
1487	0.00039238970403686693
297	0.00039228446342846716
407	0.00039118795748829143
1313	0.0003900796114246316
1356	0.0003895941582260591
808	0.00038918928994202207
858	0.00038791787768251775
251	0.00038785399735933576
952	0.00038766199981350117
1190	0.0003871547075603405
1007	0.00038523077026378827
856	0.00038478525354832
1162	0.0003847487817138711
1287	0.0003830375023620405
719	0.00038232526658041067
910	0.00038227504280818544
1591	0.00038164394364240047
611	0.00038122267276584923
929	0.00038099167780180943
547	0.0003808203934683296
1442	0.0003797949473661655
1359	0.0003797871083958304
784	0.0003795887499781353
1545	0.0003788118493472341
749	0.0003784548013617676
850	0.00037733997799161226
1164	0.0003763215848568798
1260	0.0003754691895272549
1516	0.00037517458161485993
247	0.00037492933765478085
1403	0.00037315871643526003
880	0.0003728122804439129
1588	0.0003722083158544971
1590	0.0003722083158544971
1328	0.0003697111622802855
1144	0.0003690991307921353
1272	0.00036839364569015755
1506	0.00036826319188237346
775	0.0003682318630098329
1251	0.00036805780112075353
1042	0.0003672692549483901
1644	0.0003666159030396776
388	0.00036584331516210646
1544	0.00036523369173789365
839	0.000364710070370333
46	0.00036366717756346184
1142	0.0003632610138315962
1355	0.00036311370595184205
1326	0.0003627275673120972
1134	0.0003625690859054782
630	0.0003619089004816322
1598	0.0003600935891932535
1321	0.000359803721855785
1664	0.00035967083462278763
567	0.0003596274590085036
1547	0.00035957264790087114
1292	0.0003594221073758261
1244	0.00035939849701852354
1127	0.000358952511605927
500	0.0003585526509948316
1233	0.00035818828449134233
734	0.00035769485564513144
1306	0.00035766837661077247
1308	0.00035766837661077247
932	0.000356760160376167
244	0.0003564184185858616
1527	0.00035627023783218
1485	0.0003557409219977463
1607	0.0003550827555808969
1436	0.0003543103725945364
1537	0.000353709183620225
1123	0.0003536169303726837
743	0.0003535504701033479
1194	0.00035354645509191505
1556	0.00035349585701030506
842	0.000353487399014634
522	0.0003531793370044559
538	0.00035286664258086554
971	0.00035284697272876215
1026	0.0003526755944367994
1481	0.0003523158081506713
1155	0.00035198640174349864
342	0.00035155215529190833
107	0.00035076780390075904
1546	0.0003504639349790095
1548	0.0003504639349790095
1565	0.0003504639349790095
1569	0.0003504639349790095
1576	0.0003504639349790095
1579	0.0003504639349790095
1581	0.0003504639349790095
1586	0.0003504639349790095
979	0.00035036123612079315
1532	0.0003501164725650992
1327	0.0003484450196399874
1360	0.0003479076673458992
1089	0.00034787512783861425
961	0.0003476414028489408
1018	0.00034680436934273037
1067	0.00034622777677404364
819	0.00034569719544434485
1630	0.0003448744945493793
1640	0.0003448744945493793
1651	0.0003448744945493793
797	0.0003446043199219918
415	0.0003442543889216729
1374	0.0003434004758788403
886	0.00034312149381980324
1594	0.0003424095269128466
1365	0.0003408286474766822
1020	0.0003388243760833967
1320	0.0003387242084546451
1325	0.0003387242084546451
1343	0.0003387242084546451
1349	0.0003387242084546451
852	0.000338654784164253
1455	0.0003384445432792629
16	0.0003370929991146314
876	0.0003369083097661945
1398	0.00033681788654048913
1045	0.00033616929437939145
800	0.0003350399014208538
608	0.0003345881457896166
1191	0.0003344745882520142
1070	0.00033388207762540396
563	0.0003333947928054581
1008	0.0003331978963939467
383	0.0003325376664536373
738	0.0003324702531636817
1603	0.0003324645825727622
1447	0.00033230314366992025
1453	0.00033230314366992025
1460	0.00033230314366992025
1622	0.0003312894556421517
1080	0.0003309796182166524
1663	0.00033069449472245975
1666	0.00033069449472245975
1667	0.00033069449472245975
1669	0.00033069449472245975
1486	0.0003303903939527951
1523	0.00033028923263650625
1109	0.000329685323716601
948	0.0003294511623903677
1133	0.00032934461052199924
898	0.00032845274411488236
599	0.00032668702603556464
1215	0.00032590595494868
1681	0.0003249432669512953
370	0.00032353554895033344
1621	0.0003234457378064524
974	0.00032235392393838267
1505	0.00032191003864533206
1626	0.00032172143084196846
1659	0.0003216539922129597
966	0.0003214054076994115
1053	0.00032092681664031426
1595	0.0003182398914013197
564	0.00031797615259343944
1619	0.00031764173078556126
1624	0.0003175280330490718
1625	0.0003175280330490718
1617	0.0003169458189350926
881	0.0003165720740093556
1472	0.00031637902886958835
1606	0.00031569801029182045
1613	0.0003154623874361423
892	0.000314847342218451
1310	0.00031355388962580233
641	0.00031258851519804794
1618	0.00031193056991347153
344	0.0003115949327065282
580	0.0003115467432477929
1113	0.0003111948165184977
925	0.00030933612895810955
1222	0.0003089198848406911
389	0.0003070154226901516
329	0.0003066403084694671
764	0.0003043393145212252
1147	0.00030393505653118644
645	0.000303829584073237
900	0.00030325341269774075
754	0.0003010813630452807
896	0.0003007624537361548
1060	0.0002997264845373119
339	0.00029945586388803664
1208	0.00029915662839454497
1019	0.0002979453409512665
1033	0.00029667798184873385
613	0.00029585888902669116
1095	0.00029556204822608537
953	0.00029545217826936507
551	0.0002951252178902962
874	0.0002944913485963645
960	0.00029362920500987394
1037	0.0002927880643873323
350	0.0002923932709213317
869	0.0002917109804220742
1023	0.0002851968645373211
980	0.0002848955684560803
1168	0.00028245314642971937
836	0.00028114132664996825
1407	0.0002803823911159323
1248	0.00028002114565903375
936	0.0002789000398349244
878	0.0002757337488923938
1132	0.00027530966004420414
1107	0.0002727253983744393
795	0.0002724467681403262
1178	0.00026919878914905514
688	0.00026856688820744355
1129	0.0002676981519930306
753	0.00026698528964530727
1231	0.0002668829032203045
376	0.0002656754014432944
1034	0.00026432106719605117
1206	0.0002641628507048902
680	0.00026269530257525057
460	0.000261828157958739
1052	0.00026128691209187767
565	0.0002611140677885572
834	0.00026018778744763823
821	0.0002600573682123166
725	0.0002574291050770509
1239	0.00025710612437001846
635	0.0002566281460767419
700	0.0002551306894039552
865	0.00025335221293935905
704	0.00025177261629873176
1157	0.00024895120107928795
543	0.00024688357806574364
812	0.0002457069452046342
816	0.00024556512044759043
634	0.00024553386324130915
1137	0.00024514458377706525
1232	0.0002450480961182549
965	0.00024462908545005806
560	0.00024201369357779797
1049	0.00024111128367890701
882	0.00024089653424524542
832	0.00024030902452568684
1311	0.0002398829868610533
786	0.00023911801794459145
1163	0.00023781812894972204
1112	0.00023766550903444228
579	0.000233596761528062
1093	0.00023314259513070065
349	0.0002330213363153333
1230	0.00023198771891782538
308	0.00023076718716472157
1030	0.0002301427648793628
1086	0.00022980967461180423
773	0.0002296350021344668
997	0.0002295179843928358
557	0.00022944173840089337
962	0.0002270337538140123
905	0.00022659783216784623
937	0.00022638921844458603
733	0.00022609203364978454
1199	0.00022595377449340117
990	0.00022461510190985653
1207	0.00022387947312174931
758	0.00022227500225507617
574	0.00022101831903727302
453	0.00022017900300151614
1258	0.0002198163443446721
1149	0.00021876698895789223
703	0.000217136720949425
989	0.00021626240485989924
1286	0.00021397855397655146
1303	0.00021318485934221305
1444	0.00021280457981960504
916	0.00021271885708387417
782	0.0002126082080127219
1022	0.00021208165173231203
1203	0.00021201885933135736
1121	0.00021061650514324462
986	0.00020754520197809764
618	0.000206291676900259
351	0.0002054598126537865
1097	0.00020493472219415592
1265	0.00020461943541643776
1421	0.00020169848266406013
853	0.00020144727012515559
1152	0.00020044505786813582
1166	0.00020028625240600307
1182	0.0001995156419833167
1032	0.00019936620974183927
1066	0.00019668853267137672
348	0.00019611243441887435
1120	0.00019565984886973564
253	0.00019528133252707223
256	0.00019441426441543016
985	0.00019219375543353374
377	0.00019104522813235742
1225	0.0001910134092652013
454	0.00019024519747134485
811	0.00018932850720037553
862	0.0001888767522907949
590	0.00018862821623204663
362	0.0001861820595038284
1001	0.00018488829877588088
998	0.0001847741949103344
1518	0.0001847438241050062
138	0.0001846502878614454
933	0.0001842201867700776
1273	0.00018262705574817256
587	0.0001823734008879236
807	0.00018163732702690716
793	0.00018033360061807358
1192	0.00018008934788790298
1446	0.00017975659961076769
759	0.00017950250070444194
1183	0.00017920899108871
1400	0.00017843250880610303
1076	0.00017674403161669478
617	0.00017662512622647407
533	0.0001757451995361242
1297	0.00017545922115612219
695	0.00017143660337181932
698	0.00017126450284263536
718	0.00017016655351067932
1401	0.00016995423282130457
397	0.0001697232643173066
1296	0.00016886713731164663
1285	0.000167687097454702
1428	0.00016685755347911667
1143	0.00016590428438340292
1469	0.00016527515141022213
103	0.0001645932326680475
803	0.00016459203244119526
1211	0.00016444650145346152
263	0.00016382042124600215
337	0.00016309261795250963
1092	0.00016291075135335575
859	0.0001628590277788336
1480	0.00016267329700888982
996	0.00016255495293607364
1404	0.00016199524724314898
714	0.00016140573592853457
1176	0.00016099878988309058
534	0.0001606437781546505
767	0.00015984802769829188
1274	0.00015957640552736012
394	0.00015952258547489138
903	0.00015733025534346955
791	0.00015691106780878488
593	0.0001568867392975834
536	0.0001561051077893415
947	0.00015532431908316086
548	0.00015518794969913988
906	0.000154876686926403
1263	0.00015392745973634062
954	0.00015322236180277747
885	0.00015304714400252964
938	0.0001524211849598604
1085	0.00015103045522745558
1117	0.00015098753684327873
1266	0.00015092965591040916
1099	0.00015076360940997178
1088	0.00015067810774877386
983	0.00014951526623204658
1167	0.00014696303978620486
1337	0.00014653933288700198
1179	0.00014539923787859854
766	0.00014524737761252836
1187	0.0001437620504736342
592	0.00014354842836485367
37	0.00014215504566854136
835	0.0001419334975003771
335	0.00014188112713168935
1100	0.00014179928400307726
1161	0.00014179053882789271
967	0.00014161220014188256
1171	0.00014095278801832853
964	0.00014082202243968805
1068	0.00014048460637349668
1111	0.00013962339601869878
776	0.00013872626591030028
1055	0.00013846633867749134
446	0.00013829422241330198
1000	0.00013818064906030814
1288	0.0001380222986539277
889	0.0001375104989719797
908	0.00013724859523633608
18	0.00013721825145319056
1252	0.00013558769697991164
828	0.00013530541855108746
1437	0.00013411901532508976
1435	0.0001333546162422797
1181	0.00013215382837938056
1193	0.0001321360660470805
1336	0.0001316439152042036
1471	0.00013137116876695595
353	0.00013132474552973687
1503	0.00013077989058864708
1439	0.00013077710136250533
918	0.00012987777469978477
1379	0.00012982038418274839
1426	0.00012978564505823975
1278	0.00012962011221416333
1314	0.00012934598839774004
115	0.00012926371298750946
804	0.0001285468808990961
1441	0.00012796936897346292
1004	0.0001273015447698487
1415	0.00012685200150745242
1108	0.00012605513081313924
1335	0.00012589550029203173
848	0.0001256083137129041
976	0.00012520457525123693
1087	0.0001243859031104547
1116	0.00012363600506555493
1173	0.000122622561985357
909	0.00012194184175926272
1475	0.00012104375750059956
1375	0.00012070914196293692
870	0.00012034632521033126
1445	0.00011997153936179941
1105	0.00011860142004933876
1214	0.00011716350173294554
1305	0.00011684812988920968
341	0.00011671993916189424
1056	0.00011603409076559997
668	0.00011535502445815606
1082	0.00011526238084391289
1531	0.00011468122230587563
1159	0.00011452885938798186
1269	0.00011300256149816022
901	0.00011259957670291677
1154	0.00011226697464468474
1124	0.00011226647431751895
1141	0.00011199365259629193
1473	0.00011114850104011149
1276	0.00011112052821092512
1262	0.00011059381015921046
1062	0.00011042653286264464
1227	0.00011027027215823846
1253	0.00011016088983763716
1282	0.00010889933571261591
1151	0.00010864104696488072
1148	0.00010756668577631327
438	0.0001074189900416479
1145	0.00010711853695354452
113	0.00010460266499256007
1394	0.00010423691197476369
1376	0.00010327857581924845
1462	0.00010325060104126251
1378	0.00010251001927051055
1002	0.00010222671596284242
1250	0.00010211882373216676
1438	0.00010205238211610387
1246	0.00010169092288487494
1553	0.0001016640438354067
1560	0.0001009680637459403
927	0.00010038720748028672
1043	9.928595214271035e-05
1529	9.916551957958211e-05
1031	9.88509204141202e-05
1114	9.819194031530537e-05
994	9.640449654912524e-05
1150	9.597954772604487e-05
1177	9.572074392322596e-05
1380	9.551903444982082e-05
1413	9.54322922712177e-05
1279	9.523210063304858e-05
1388	9.508245378822443e-05
1077	9.505548015337457e-05
1409	9.474903395112742e-05
899	9.459073367208901e-05
1456	9.436114972191545e-05
1353	9.40968357402922e-05
1509	9.335164125972771e-05
1468	9.306221225943778e-05
1213	9.300964697325456e-05
1384	9.22476585407186e-05
1387	9.22476585407186e-05
1391	9.22476585407186e-05
1535	9.219215734381203e-05
981	9.189084007781785e-05
1393	9.061387814670067e-05
439	9.04551599640099e-05
893	9.032652247114015e-05
1517	9.010285680130449e-05
935	8.994081834266598e-05
1298	8.981815457230707e-05
1003	8.930491124995791e-05
1312	8.915894385146583e-05
1423	8.913540950753526e-05
361	8.908442022400122e-05
777	8.873514797973183e-05
1501	8.79015804929422e-05
360	8.785560441787437e-05
757	8.737202878577548e-05
1412	8.57670384652854e-05
1205	8.569679368203935e-05
1449	8.566665269440472e-05
920	8.563872298551032e-05
1589	8.547686528818439e-05
851	8.547251367927263e-05
74	8.514040751591514e-05
1539	8.509558746045116e-05
75	8.499580518685248e-05
626	8.468841999080534e-05
1319	8.430515679928033e-05
1368	8.349746134506373e-05
1434	8.281507287840645e-05
1270	8.211149518325267e-05
1338	8.207128223813782e-05
442	8.199945912391735e-05
267	8.198631290684109e-05
1395	8.18127022214306e-05
1254	8.178832545902739e-05
1289	8.173507002911149e-05
1317	8.11168937896386e-05
104	8.11097308411986e-05
861	8.087216045760992e-05
1351	8.050817057559352e-05
1344	8.015371088283203e-05
911	7.96956292981554e-05
1102	7.964947455864001e-05
1490	7.945649273059403e-05
1488	7.94411256626186e-05
1474	7.936691781580461e-05
1261	7.892673987764332e-05
1383	7.725563412086326e-05
1620	7.705687676905811e-05
1264	7.666433037943748e-05
1549	7.624575851081065e-05
1554	7.624575851081065e-05
1578	7.624575851081065e-05
1585	7.624575851081065e-05
1275	7.453280436127633e-05
1257	7.450769368546077e-05
1216	7.35341856178115e-05
1318	7.346328507288915e-05
1555	7.342519964808273e-05
1399	7.28466611843042e-05
1466	7.24998476958126e-05
1495	7.239578519477603e-05
1470	7.207911234189532e-05
1242	7.199026576347823e-05
1558	7.188957932576869e-05
1440	7.17316863212883e-05
1369	7.129176829311716e-05
788	7.126903226599998e-05
1370	7.100636669021615e-05
1295	7.080746537134198e-05
1592	7.062273551689566e-05
1386	7.041531298825135e-05
1316	7.032486029100723e-05
1334	7.031940694910944e-05
1605	6.988063418140193e-05
1381	6.978229714074886e-05
1538	6.965255497598172e-05
1448	6.95892137615221e-05
1459	6.958165586797604e-05
1385	6.950961723179477e-05
1643	6.874610156807151e-05
1212	6.837626046723433e-05
701	6.823194392401574e-05
1223	6.796930197281806e-05
1484	6.764340050499197e-05
1397	6.757135251859935e-05
1422	6.727077439107057e-05
1302	6.717380409826721e-05
1454	6.704062718770315e-05
992	6.6980171543644e-05
1186	6.676548233230913e-05
706	6.669986471145238e-05
296	6.657639332110197e-05
799	6.649496792591336e-05
1511	6.637643334433594e-05
1424	6.612761816243952e-05
1600	6.610362412642995e-05
1406	6.602999639353056e-05
1524	6.54938175479103e-05
1552	6.525632591898216e-05
598	6.455512563719936e-05
913	6.449333493237397e-05
822	6.41148112184897e-05
1324	6.406072125695876e-05
1027	6.40207732697113e-05
1333	6.371030016016837e-05
1361	6.370710199692435e-05
1256	6.363715278771258e-05
1299	6.291576002760781e-05
1489	6.249265667496003e-05
1427	6.209743915195539e-05
1496	6.16988527122465e-05
1408	6.166416512118446e-05
643	6.143518858947453e-05
1330	6.059595930236195e-05
1146	5.962198295717209e-05
1512	5.940329923435244e-05
1416	5.9334998956212846e-05
1377	5.8883684628309744e-05
1628	5.84827450531977e-05
1104	5.8145296212442486e-05
314	5.7759292295649416e-05
1241	5.746851230809935e-05
1238	5.721517313765834e-05
1083	5.674502959164367e-05
1389	5.617291112805248e-05
1418	5.613993054589605e-05
1301	5.595935156116662e-05
1550	5.566662584000851e-05
1106	5.550046214063477e-05
1521	5.511097340274042e-05
1402	5.5050494661954894e-05
1623	5.489435823373706e-05
1158	5.485794233810033e-05
1290	5.438352365454059e-05
1464	5.4280114311442814e-05
1392	5.379330725034562e-05
1196	5.336843656122822e-05
1367	5.2011825128602245e-05
957	5.193665999495473e-05
119	5.1585885352030616e-05
1390	5.133300638994458e-05
1432	5.123022060530352e-05
1519	5.104961620462877e-05
1573	5.0680994624296054e-05
817	5.051086536285524e-05
1551	5.020772988257525e-05
1138	4.966445435638223e-05
1175	4.9453453336361054e-05
1307	4.840493647299468e-05
1631	4.79751064514516e-05
1429	4.77183713603797e-05
1639	4.7453774223495584e-05
1609	4.691574027985368e-05
838	4.631897340605386e-05
1629	4.623929785111713e-05
1642	4.621331410129974e-05
1331	4.600889081591601e-05
1410	4.521561314473431e-05
868	4.490606872785782e-05
1465	4.4527218350541135e-05
1243	4.398425106368193e-05
1534	4.327416841981847e-05
1608	4.304045579685651e-05
987	4.257617472738395e-05
1259	4.254956008167666e-05
1597	4.2517081643675815e-05
1513	4.250961803439137e-05
1189	4.167239303912246e-05
1557	4.090408758304236e-05
1559	4.090408758304236e-05
1561	4.090408758304236e-05
1562	4.090408758304236e-05
1563	4.090408758304236e-05
1564	4.090408758304236e-05
1566	4.090408758304236e-05
1567	4.090408758304236e-05
1568	4.090408758304236e-05
1570	4.090408758304236e-05
1571	4.090408758304236e-05
1572	4.090408758304236e-05
1574	4.090408758304236e-05
1575	4.090408758304236e-05
1577	4.090408758304236e-05
1580	4.090408758304236e-05
1582	4.090408758304236e-05
1583	4.090408758304236e-05
1584	4.090408758304236e-05
1587	4.090408758304236e-05
1646	4.052504078535639e-05
1372	4.0381103906247205e-05
1602	4.005224216839881e-05
1323	3.974943114574941e-05
1508	3.9246639616771985e-05
1350	3.903718716650737e-05
1658	3.897853058796015e-05
1443	3.858010853478814e-05
891	3.8570631265635954e-05
973	3.804422204164048e-05
1347	3.733658435552728e-05
1064	3.723005728691149e-05
897	3.713362171925461e-05
1528	3.665678399605495e-05
1237	3.6606660578904777e-05
1396	3.614580807099857e-05
1332	3.582056121651241e-05
1096	3.543875815131396e-05
1632	3.5341792389228084e-05
1633	3.5341792389228084e-05
1634	3.5341792389228084e-05
1635	3.5341792389228084e-05
1636	3.5341792389228084e-05
1637	3.5341792389228084e-05
1638	3.5341792389228084e-05
1641	3.5341792389228084e-05
1645	3.5341792389228084e-05
1647	3.5341792389228084e-05
1648	3.5341792389228084e-05
1649	3.5341792389228084e-05
1650	3.5341792389228084e-05
1371	3.506925157706164e-05
1477	3.474922341760346e-05
1345	3.458586561532212e-05
907	3.433571929903849e-05
1497	3.371551227607564e-05
1610	3.323060192040605e-05
1362	3.2879584117490096e-05
1357	3.260602810288493e-05
1358	3.2191080141798326e-05
1125	3.20540929798852e-05
1611	3.144845557203168e-05
1354	3.123469221103604e-05
1342	3.0362519488406246e-05
1294	3.0069493240044334e-05
1504	2.991546031425406e-05
1450	2.9579545921522197e-05
1329	2.9412647614344766e-05
1339	2.9412647614344766e-05
1340	2.9412647614344766e-05
1341	2.9412647614344766e-05
1348	2.9412647614344766e-05
1352	2.9412647614344766e-05
1363	2.9412647614344766e-05
1364	2.9412647614344766e-05
1366	2.9412647614344766e-05
1373	2.9412647614344766e-05
814	2.915172422691478e-05
830	2.915172422691478e-05
857	2.915172422691478e-05
1234	2.9062396504051513e-05
1463	2.848827929796757e-05
1420	2.7948741037238314e-05
600	2.720632872935935e-05
1652	2.70844775981212e-05
1417	2.591165500376003e-05
1491	2.573950879808677e-05
1502	2.4954604019538344e-05
1452	2.293477183884787e-05
1457	2.293477183884787e-05
1458	2.293477183884787e-05
1461	2.293477183884787e-05
1662	2.2706683561160385e-05
1500	2.259250521384674e-05
1541	2.2314006141710204e-05
1665	2.1913347036848817e-05
1668	2.1913347036848817e-05
1670	2.1913347036848817e-05
1482	2.1871343010310752e-05
1304	2.1817459558249383e-05
1542	2.1115521150955083e-05
1492	2.108022943502931e-05
1493	2.108022943502931e-05
1494	2.108022943502931e-05
1498	2.108022943502931e-05
1672	2.094115713494044e-05
1510	1.978551174097024e-05
1467	1.8607408069834583e-05
1431	1.846090897762874e-05
1612	1.8285754070896e-05
677	1.7423585897786805e-05
1655	1.5954380469861647e-05
1515	1.5827417454374016e-05
1525	1.3787176598730214e-05
1293	1.3726386507874724e-05
1657	1.3322363541465661e-05
1656	1.2931932939679187e-05
1543	1.290246715341505e-05
1201	1.2844655298384137e-05
1476	1.2827765264595188e-05
1660	1.2636175007582274e-05
1627	1.2364069164501594e-05
1682	1.2228323749294343e-05
1536	1.1855380788621625e-05
1507	1.1788328306858165e-05
1430	1.0747301872623092e-05
1599	1.046704646779384e-05
1520	1.0151480526235686e-05
1675	9.912933672373596e-06
1676	9.912933672373596e-06
1526	9.732741107424418e-06
1596	9.614808543847565e-06
1593	9.410402660298604e-06
1616	9.348848442431208e-06
1604	9.30942486703829e-06
1130	9.129105941655825e-06
1677	8.800117833184896e-06
1122	8.390950652805758e-06
1674	7.682414261726035e-06
1309	7.462674443678937e-06
711	7.100396510617348e-06
1433	6.851773337318017e-06
1661	6.580995478838746e-06
1679	6.311759557024055e-06
1680	6.311759557024055e-06
1678	6.311759557024054e-06
1601	6.208143517004099e-06
1533	5.5110406418550296e-06
1614	5.05501554304723e-06
1414	4.016856383086298e-06
1673	3.96511136375766e-06
1654	3.650945301198093e-06
1156	3.569399769119907e-06
1235	2.9177604128544096e-06
1236	2.917760412854409e-06
1671	2.8876377376837204e-06
1653	1.4536889583928906e-06
