50	0.0036262562825335187
174	0.003236055756434221
181	0.0030681510908262045
172	0.0029786265606006443
100	0.00294647572297603
258	0.0028218031529449153
127	0.002789601494258504
56	0.0027557715678700385
121	0.00271797823376749
98	0.0027152022838979623
288	0.0027010294946287284
117	0.0026914102635912937
1	0.0026906103872212156
195	0.002681248278029382
204	0.002679613889504379
173	0.002676843670866087
222	0.0026055555028355027
79	0.0025371902966378553
210	0.002516701836085709
286	0.002510584952058984
89	0.0024970988162601945
7	0.0024935141330523314
64	0.002485618388453238
69	0.002481410345108444
151	0.0024616498614819828
12	0.002423289279049925
168	0.002406349232006077
423	0.002397063576788934
294	0.0023967278468923804
135	0.0023726526456763273
405	0.002354418109006366
96	0.002322699117340491
216	0.002305284508275776
237	0.002296648481627516
22	0.0022898967283562035
234	0.002258569406005299
202	0.0022514066506228174
161	0.0022480433495051353
118	0.0022419106037619334
176	0.002233159039483744
183	0.0022212233531643823
28	0.002194278715032701
82	0.002190688322719597
95	0.002179359200808163
191	0.002170052715822517
318	0.002166288069712059
546	0.002162424163689386
215	0.0021342789529598437
197	0.002113759311071045
238	0.0021116451090340315
97	0.002110821773783965
186	0.002108611860405296
483	0.0021013611567642612
196	0.0020955056943340665
194	0.002094104405697691
313	0.0020836670083155405
180	0.002081510597034808
70	0.0020763544350448355
228	0.0020268211789009416
132	0.002026785601456925
25	0.002018086026381511
235	0.0020109569709735
568	0.002004427696003905
153	0.00199469511244038
209	0.0019791992559403276
144	0.001974235026808997
11	0.001971838172415979
357	0.0019674975892832003
367	0.0019634319699595396
435	0.0019462179789982265
655	0.0019405536761055195
427	0.0019385440751531816
4	0.001932953582718043
300	0.001927573279143257
385	0.0019220218407034707
143	0.0019178500214990977
273	0.0019092515612430588
226	0.0019049279553104092
185	0.001899147239741264
475	0.001899143821784347
265	0.001896180479592635
99	0.0018918994518161475
9	0.0018896510527773556
182	0.0018862853017874337
71	0.0018777991743182938
275	0.0018700735504961598
179	0.0018648466557363087
403	0.001863244084425396
402	0.0018626606694467534
88	0.0018583976215586582
419	0.0018505790278709044
269	0.0018469927476784025
257	0.0018389697874312192
684	0.0018295247821199965
111	0.00182002615320223
23	0.0018180873829679073
550	0.0018176337212870823
432	0.0018059100155456915
393	0.001801588602835192
8	0.001793064815485064
15	0.0017743976869858875
742	0.0017725876888932699
66	0.001771293927832372
276	0.0017693044133354782
496	0.001755941543431818
200	0.0017487920659757952
284	0.0017473516598246564
227	0.0017441260422068588
211	0.001732580332508513
208	0.001729309450323868
230	0.0017179794199905412
175	0.0017109898849338094
431	0.0017033382142100167
559	0.001699859974295453
133	0.0016937823422196738
588	0.0016821960791970159
231	0.0016780278932417962
566	0.0016756751425405984
125	0.0016728465091461978
732	0.001672661580713979
187	0.0016668544953630494
42	0.0016665273488416738
58	0.001657558726948804
203	0.0016556444588321604
199	0.0016544474864421562
515	0.0016540561055224995
527	0.0016320346408465628
72	0.0016206004671620602
433	0.0016204935479583093
603	0.001615864653442216
87	0.001615279390223208
218	0.0016091269052880815
302	0.0016048897542492691
333	0.0015965224416502799
451	0.001592375301861974
134	0.0015817669455949496
748	0.001578619757122076
739	0.0015713443660857417
654	0.0015689238152456029
188	0.0015633717908228881
282	0.0015561372145788263
53	0.001556039318334139
474	0.00155155049681357
328	0.001540770392694768
229	0.0015399449128935302
471	0.0015286855248977762
301	0.001525563056849421
271	0.0015224722621312728
597	0.0015132139347770507
678	0.0015112074355558749
443	0.0014927826224622326
692	0.001492083412111172
154	0.0014919384793273063
283	0.001489788677625555
38	0.0014894846730051589
14	0.001486614158503414
651	0.001483667370183013
29	0.001477990904267626
239	0.0014686550638659886
268	0.00146569915435504
428	0.0014570004158575083
480	0.0014560746188185725
322	0.001453134739221239
476	0.0014523196821124669
77	0.0014476453397441163
83	0.0014365383978508647
31	0.0014363408909977646
479	0.0014357387516929696
250	0.0014282502186882655
193	0.0014240241848350163
582	0.001419269740907349
150	0.0014151558948780059
526	0.0014141187038006283
508	0.0014046996585964425
184	0.0014021406060049219
482	0.0013959811320562708
511	0.0013955106538901787
24	0.001387683950162003
13	0.001385350769087332
521	0.0013780508463466686
514	0.0013769981897743123
660	0.0013724151895848189
485	0.0013649731153107417
274	0.0013634441970518326
147	0.0013519393228333598
91	0.0013515199639212946
170	0.0013490762574557235
591	0.0013469395659048134
164	0.0013416873692581807
735	0.0013411309472138359
845	0.0013392833308711802
55	0.0013383849854651036
68	0.0013379089220942797
47	0.00133042482750266
404	0.0013265811444391
2	0.0013247358817521696
289	0.001321394614811594
554	0.0013191120372530055
109	0.0013091201613270004
411	0.0013084796424167025
192	0.0013073208321054749
472	0.001302761746110727
436	0.0013007095326996224
307	0.0013002465907389765
249	0.0013000756071207883
214	0.0012996268582906123
317	0.0012953861307032162
124	0.0012871725799012235
298	0.0012865576447358945
86	0.0012833047253649125
73	0.0012805661109589555
94	0.0012802451518569694
628	0.0012757149201859158
156	0.0012730839507905743
241	0.001272411276667856
498	0.0012701044641162448
159	0.001268739643565437
462	0.001264764067618588
33	0.001264395398485886
410	0.0012581086588885698
642	0.0012543799494403995
248	0.0012532841948569235
523	0.001248588906032715
685	0.0012423164952574972
62	0.0012410921333433228
319	0.001236533853682029
245	0.001233820013448289
223	0.0012307531909803392
756	0.0012305405447160442
746	0.0012295404879731793
699	0.0012252552042371506
93	0.001223526967685338
399	0.0012234119014601895
240	0.0012208483942729562
233	0.0012176473298473197
418	0.0011969159469650574
928	0.0011940088009708353
217	0.0011935593349135518
729	0.0011914896908037584
81	0.0011912897589880136
198	0.0011888522936664933
157	0.0011876268921048026
430	0.0011856602415721046
137	0.0011847688562695064
281	0.001183933736705325
501	0.0011836287053859965
455	0.001176724813774803
323	0.0011747343919418813
447	0.0011696963359184662
177	0.0011687655383403443
65	0.001165335116127784
507	0.0011586216441519424
429	0.0011580910146707498
631	0.0011462641413358967
380	0.0011456913690076496
517	0.001142993922015135
252	0.0011366186225332754
272	0.00113414770629711
63	0.0011334858912989752
219	0.0011295118771284362
657	0.0011243270846822003
470	0.0011208663716761207
54	0.0011198006680655708
358	0.0011168238330777484
205	0.0011131985727485662
412	0.001112984838420805
32	0.0011105264249319385
705	0.0011085031913719676
152	0.0011066755205081575
815	0.0011065079450665804
461	0.0011032958855993528
190	0.0011028676010899257
763	0.0011024403415377426
484	0.001095053453184309
531	0.0010932656184318692
710	0.001090626698781262
509	0.001086744863139959
1028	0.0010850447180247229
679	0.0010767675334801916
213	0.0010760429819849655
520	0.0010758311672194707
178	0.0010756746478495967
504	0.001072785457726617
59	0.0010721377436131538
919	0.001072087188717419
449	0.001070808004294958
304	0.0010699293186010022
48	0.0010689553746883085
67	0.0010682796288378437
663	0.001065270541090156
232	0.0010618796292503456
387	0.001061712976576844
477	0.0010607394847738148
92	0.0010583572518829017
26	0.0010579191438369723
303	0.00105789714138268
384	0.0010551966054215371
382	0.0010539221245648596
325	0.0010531901661803265
751	0.0010523053287918892
160	0.001052297804056379
584	0.0010516603821352096
285	0.0010512367744092593
1016	0.0010483109397073863
747	0.0010476442167767367
473	0.0010445488564397628
1047	0.001038679082711276
724	0.0010381719949939896
421	0.0010333587362159526
690	0.0010296160818825024
709	0.0010270407049217333
578	0.0010261093885629226
324	0.0010250862246461386
291	0.0010240384554325102
510	0.0010228542270446074
549	0.0010222897795100034
647	0.0010212859155149109
293	0.0010210747695791039
708	0.0010185592799813064
879	0.0010159765515722649
528	0.0010153610604630174
255	0.0010124944347687456
693	0.0010111162244213403
356	0.0010053534228646275
715	0.001004422905724737
790	0.0010041840675787353
576	0.0010023803650013661
659	0.0009990639060051582
155	0.000997846998897871
90	0.0009971297440156523
665	0.0009904109688105747
128	0.00098881229225481
505	0.000984319962187844
636	0.0009794903381625556
378	0.0009791819516236158
452	0.0009776356031967206
148	0.0009771819942231141
340	0.0009751949971108901
616	0.0009708166209527183
391	0.0009678826264131806
123	0.0009661882333368329
242	0.0009658522727180976
604	0.00096371914128414
755	0.0009634837939298493
129	0.0009625040186882887
1048	0.0009623955423813976
762	0.0009604659555951275
280	0.0009562261631756706
171	0.0009519261886076623
707	0.0009514249360533919
672	0.0009513501795795133
414	0.000950673197197989
162	0.0009487109755671101
606	0.0009452193130065345
506	0.0009445545035922635
122	0.0009436004237731007
792	0.0009402533008225612
105	0.0009393594762567398
259	0.0009379275254687125
386	0.0009350221696986675
737	0.0009346913064206968
287	0.0009345867185636286
516	0.0009332799318445236
44	0.0009324912432843186
425	0.0009297569700387489
702	0.0009291180974347415
292	0.0009268828827611257
52	0.000926398604745556
315	0.0009263936735668029
60	0.000926172956251076
169	0.0009249263949081669
619	0.0009224698329564104
321	0.0009192796686081065
448	0.0009154282520299626
116	0.0009145169649121091
158	0.000914095851777983
1073	0.0009075875532475563
381	0.000907208059636168
51	0.0009046802712302351
20	0.0009029650088983692
713	0.000900486815975012
49	0.0008996545304137793
518	0.000898858622277957
596	0.0008984335505337364
131	0.0008971940053015124
136	0.0008956104122058144
768	0.0008930053190576727
326	0.0008926527374338424
212	0.0008919194627565098
347	0.00089051805454473
39	0.000887908942906351
649	0.0008854109269262906
658	0.0008770283982506282
789	0.0008769008613451154
290	0.0008734876921563735
673	0.0008730024652855743
17	0.0008722332199904831
499	0.0008699795922618276
648	0.0008689528463546579
246	0.0008687476513759209
781	0.0008666293703484575
327	0.0008631218063658509
270	0.0008609935521148918
652	0.000860370068286178
5	0.0008526407874315475
512	0.0008518741781013187
1118	0.0008513599622784684
225	0.0008506939209859745
401	0.0008498265912174822
108	0.0008490074285520375
761	0.0008485008771831736
260	0.0008466813829752814
295	0.0008465495282555479
1074	0.0008448047189094653
163	0.0008436495102810619
529	0.0008405694547369088
1228	0.0008398718025090272
420	0.0008395914305380536
417	0.000839311467458572
866	0.0008372800785187218
824	0.0008357055314896892
487	0.0008346700446009573
478	0.0008337796615588507
1135	0.0008328900139264617
562	0.0008312760030783036
254	0.0008307579880870968
486	0.0008300694846453101
1011	0.0008298444596284416
831	0.0008289950623682619
720	0.0008238714405183987
3	0.0008235323175851351
682	0.0008185785650045773
465	0.0008178543344525872
201	0.0008176675770178926
820	0.000817641118268676
165	0.0008156342323728959
220	0.000811715206514203
166	0.0008104963916402517
306	0.0008092381076747048
495	0.0008080811372708793
625	0.0008063799193383773
671	0.0008061573474683454
141	0.0008049151911518409
413	0.0008015151261329002
640	0.0007989986700979725
558	0.0007989360609102559
1014	0.0007989007044838001
346	0.0007980194963024403
379	0.0007968688197546843
310	0.0007956757076140379
778	0.0007894188682770753
316	0.0007889027049344301
847	0.0007879438218501129
662	0.0007831186367044554
993	0.0007829337793842678
1009	0.0007821324219112739
80	0.0007819349712577886
809	0.0007817222579826254
1039	0.0007798865177034704
408	0.0007744364089153788
823	0.0007707712822773884
21	0.0007705808797419686
1091	0.0007702108794984498
840	0.0007693646234918953
661	0.0007684793298695841
1217	0.000765315549961723
332	0.0007649043550340251
530	0.000764210575527336
610	0.0007640851029204773
101	0.0007622861330604851
569	0.0007618654858681975
627	0.0007604621363945962
629	0.0007589220071496761
769	0.0007574545710950353
1101	0.0007527157949155951
765	0.0007522494296167538
780	0.0007515043985185578
825	0.0007500262712093222
1010	0.0007499495899922683
311	0.000749257737515079
926	0.000748002097995895
236	0.0007455314243003184
736	0.0007438157795000501
10	0.0007434531352705691
943	0.000742979519269493
1012	0.0007412486768963236
951	0.000738068185265851
503	0.0007375382241987466
656	0.0007343772252761578
469	0.0007337342384327806
650	0.0007300442517364619
243	0.0007300067837238517
959	0.0007271119899303674
519	0.0007258836162031289
813	0.0007239538570684043
1079	0.0007238645568849325
343	0.0007215983862249732
167	0.0007162696061444841
525	0.0007159997561073523
45	0.000713952765708145
371	0.0007111709384280535
392	0.000705062350082985
844	0.0007046475355515139
396	0.0007027880089106695
826	0.0007018067181277092
750	0.0007011709280418557
468	0.0007010540309898369
727	0.0007004202031684644
841	0.0006951910837454862
463	0.0006948855253976892
406	0.0006945444008168125
1007	0.0006910597314346283
264	0.0006908760472211058
774	0.0006899066778392631
334	0.000689074734417195
875	0.0006888425213856582
808	0.0006849075895192632
760	0.0006840696242552547
491	0.0006829367159170312
1035	0.0006827649957490344
895	0.0006807551548967428
372	0.0006783337817266937
930	0.0006763413976366401
929	0.0006723172749762845
458	0.0006703314402208429
207	0.0006687718583727934
553	0.0006683076589300703
722	0.0006653619267497582
749	0.0006639171434550499
1042	0.0006636845877850408
939	0.0006622826624781487
500	0.0006611323296587457
388	0.0006597738121290457
963	0.00065715492058091
630	0.0006569525058000539
76	0.0006564713849591362
744	0.0006548521074951536
488	0.0006543175768467061
949	0.0006542264688043974
85	0.0006540325460869964
880	0.0006535469446623426
40	0.0006528932654300811
770	0.00065226173356712
1194	0.0006506040367728035
567	0.0006500990747148226
979	0.0006466839196318728
581	0.0006465019382418257
842	0.0006464322966657035
1041	0.0006454605886407246
342	0.0006449455923705695
797	0.0006443174043510762
561	0.0006437557338995103
717	0.0006432077673107271
696	0.0006425727207700622
27	0.0006418196294383758
1170	0.0006406851249907478
330	0.0006404715290775763
1089	0.000640290738781164
61	0.0006398808483334953
434	0.0006393802762832658
416	0.0006389332828163707
1045	0.0006379629154918067
145	0.0006373490371188486
497	0.0006370447953679263
126	0.0006348469108624386
607	0.0006343046983913506
1020	0.0006342905369573467
1070	0.0006342566837249702
886	0.0006335838951888479
924	0.0006326431734180529
969	0.0006320346061893842
16	0.0006285480709876613
513	0.0006265441625706329
563	0.0006263726225007413
716	0.0006258047353545432
1136	0.0006256157715634713
738	0.000625185578300469
686	0.0006251561074375992
221	0.0006239703761001399
900	0.0006217429511718255
398	0.000621620387761472
502	0.0006193285526483075
948	0.0006190988199199465
633	0.0006189075748910845
140	0.0006165921829031351
368	0.0006160279965848716
896	0.0006150954936513864
1113	0.0006102202998860054
721	0.0006097558995992732
864	0.0006097493139123468
544	0.0006071153034339216
481	0.0006064463061500646
142	0.0006058934317616132
1222	0.0006043004692167273
450	0.000602990961443718
580	0.0006026953693743459
946	0.0006006706188828959
764	0.0006001889987685301
1147	0.000599823549438572
645	0.0005996105926782554
389	0.0005994872787093652
676	0.0005985473748931311
881	0.0005984152575406598
331	0.0005981608712162444
139	0.0005980286990138066
855	0.0005979489864050756
874	0.0005972347524458325
1208	0.0005971212022296842
366	0.0005955338813662888
942	0.00059381909226601
613	0.00059374860355236
837	0.0005920153195265749
551	0.0005916290549334853
409	0.0005893949989731338
339	0.0005888451715965055
712	0.0005856442485242499
395	0.0005847708107782528
1119	0.0005846713673711149
1218	0.0005844200743603281
1033	0.0005837003303644911
106	0.0005820793687115773
350	0.0005811371435130849
806	0.0005778866395938953
338	0.000577864232809722
120	0.0005778039377385457
1248	0.0005737583345740948
277	0.0005732001505561329
753	0.0005724782327360551
541	0.0005724157353269528
492	0.000572093903258217
936	0.0005717372860194576
728	0.0005711957292771307
1107	0.0005711165401894828
609	0.000570060342634243
675	0.000569158273629672
570	0.0005684486507479435
795	0.0005677352510286659
632	0.0005652965115501765
849	0.0005649133933302144
445	0.0005639930387867997
493	0.0005592414894471065
552	0.0005586488404036014
1036	0.0005566239119126032
1052	0.0005564325877288492
1284	0.0005564124196730923
189	0.0005556806806108334
467	0.0005546593674388233
305	0.0005544716633997652
1478	0.0005543126948611519
565	0.0005536821606224741
466	0.0005534327116292425
460	0.0005532744849126062
794	0.0005522392688372002
725	0.0005519486564370965
206	0.0005513808199405247
688	0.0005498978808138968
704	0.0005483556115636252
542	0.0005482671837232755
674	0.0005468935043317715
965	0.0005449237532774017
1046	0.000544455856292689
1232	0.0005442360626695458
422	0.0005433853130348291
601	0.0005421260094132027
1137	0.0005420166426068774
102	0.0005417500107721406
955	0.0005409077167358785
871	0.000538894643610333
614	0.0005360490495045159
1112	0.0005356234934504896
801	0.0005352296023595853
931	0.0005343258059613928
494	0.0005330220521417873
1086	0.000529014808264974
615	0.0005275750364405245
1230	0.0005274746744704791
354	0.0005266456513271338
1093	0.000526569611226642
689	0.0005253153473463439
365	0.0005227216758523555
312	0.0005219692640135246
1199	0.0005214100454679619
602	0.0005211421724158057
540	0.0005196622537828662
810	0.0005189958636560541
1044	0.0005185739464727534
441	0.0005178975064632185
574	0.0005173734862777058
772	0.000516732012714874
703	0.0005152431252558925
956	0.000514873386373063
489	0.0005135637923726418
1286	0.0005120802970144923
741	0.0005119644798386908
1303	0.0005098436479676963
1203	0.0005092032093332559
1097	0.0005091302835680742
363	0.0005058641016852358
1058	0.0005048888940906457
43	0.0005046221197121646
262	0.0005019143079431592
618	0.0005013925878478479
986	0.000500179142820177
783	0.0004998346857371251
941	0.0004981614488956119
1166	0.0004969129061469431
726	0.0004957378222232796
1182	0.0004947212038507557
944	0.000494165635555534
1419	0.0004938530030433443
923	0.000493311789135904
1065	0.0004930018688096615
1152	0.000492035188475881
934	0.0004915757036324846
802	0.0004911749189101942
575	0.0004911432583658551
454	0.000490225218462745
444	0.0004892836078693435
731	0.0004867271421320152
114	0.0004855139621822898
377	0.00048494862023825054
921	0.0004839578539915658
577	0.00048395345765204454
1225	0.00048362726917449577
595	0.0004797240652222754
933	0.0004777388055782891
873	0.00047664823570195354
785	0.00047603448493066877
771	0.0004753124194530665
1221	0.0004749280215894598
617	0.00047431424724863637
299	0.0004738669315319696
1446	0.0004738649189645479
1267	0.0004734831488378525
490	0.00047319195979981924
687	0.00047152484728825954
533	0.00047141293523674703
833	0.00046996890862973436
1297	0.0004699425405106578
1076	0.00046919186330322956
1188	0.00046689650506211947
664	0.00046669917016134075
903	0.0004643203173637391
638	0.00046382303223066246
1143	0.0004634871376104412
1211	0.0004622641700450248
697	0.00046214729719347213
977	0.00046212149247726623
1285	0.0004619957825279168
369	0.00046199470803867627
718	0.0004617473079942072
337	0.00046118499379671496
1195	0.000461182445084771
19	0.00046104132215565
1210	0.00046007563222755324
827	0.0004597359490287784
1176	0.00045955132804576123
859	0.00045946685531755415
1092	0.00045863102741060485
1480	0.00045661873917249675
767	0.00045612271699733184
583	0.000454137371795974
954	0.00045394302829263305
263	0.0004537914982637159
796	0.00045295887246371065
373	0.0004525268440997529
1266	0.0004512848574721439
740	0.0004508144036598843
1110	0.00044944867812207707
1263	0.000447746930311118
639	0.0004471067691679461
585	0.0004466804804782082
41	0.0004464375047406639
345	0.0004443469296153846
1167	0.00044214790268726087
766	0.00044170295529521883
589	0.0004414581453585504
1540	0.0004407110900923644
1220	0.00043964516025815745
37	0.00043898920299143766
1100	0.0004388234253230552
723	0.00043818148963543934
1171	0.0004368486371176708
278	0.00043678697073287363
1098	0.00043657853451314953
622	0.0004359334439388809
1288	0.0004353503866117835
30	0.00043423945408899167
1198	0.0004335542689712948
446	0.0004320761483805106
1055	0.0004315101240150378
364	0.00043148885525107455
335	0.00043011808716789275
78	0.0004292729117513898
1426	0.0004286374443767301
35	0.0004280570587755413
828	0.0004274054309887916
909	0.0004271372867256813
670	0.0004270361365624296
1017	0.0004267541474534436
1015	0.0004267309553516981
804	0.0004265791788096151
988	0.0004263226513581516
224	0.00042630817291931344
1108	0.000424842727558512
586	0.0004243655056930604
115	0.0004242017935845819
1139	0.0004240109108307724
1336	0.0004236719273921448
848	0.00042157334889885237
1314	0.00042120796738339805
623	0.0004210570472684608
1441	0.0004201239024869673
1475	0.00042000934508831865
620	0.00041994381431812724
1116	0.0004189116351457441
1214	0.0004174852162873852
535	0.0004164015409613814
1090	0.00041559918732389316
57	0.00041499889704848034
644	0.0004144650543832037
887	0.00041312210405607314
870	0.00041275779788782924
1056	0.0004114132763109022
1141	0.00041034491260054156
341	0.00041018608962415173
1050	0.000410175790236877
883	0.00040923389593054254
1499	0.0004087999987413386
945	0.0004050347163364353
975	0.00040399984355446537
779	0.0004039286696726788
571	0.00040360217255130525
1253	0.0004028769987530661
1276	0.0004023123279967916
113	0.0004022356274272872
1282	0.0004008173423032937
694	0.0004005951584757399
1202	0.00040047861168415185
940	0.00040009809334681264
637	0.0004000066665079355
1553	0.0003995079475398959
524	0.0003994433689567415
1247	0.00039852519542534257
1560	0.0003977002685032249
146	0.0003975996108807107
297	0.0003972049236840192
927	0.000397005325507478
572	0.000395740470974776
537	0.0003954300248668787
1615	0.0003950074800208211
1483	0.0003949082784443182
1394	0.00039437284797014336
646	0.00039414318764753863
251	0.00039411973260015986
899	0.00039357740293339736
1043	0.00039281602666606545
843	0.00039252685165398207
890	0.0003918057296876546
456	0.0003915012915589188
1114	0.0003909521998052172
1456	0.0003906218054966266
952	0.00038962736731686657
994	0.00038951894929591026
407	0.00038913570403424885
611	0.00038901558906936467
856	0.0003887772981305139
1063	0.00038868512640757895
1509	0.0003876131576549798
1468	0.00038689980799860293
1501	0.00038664639320544117
547	0.0003866393315531667
1197	0.0003864669449662773
893	0.0003863818759175597
439	0.00038516088561137336
361	0.00038513262293320393
1298	0.00038419377957098054
1449	0.0003832833394608919
757	0.0003831256794898369
1434	0.0003830937714280812
719	0.0003830860627090561
1423	0.0003827498130977469
1003	0.0003825757942680397
1205	0.00038249349423280065
1384	0.00038175161013094154
1391	0.00038175161013094154
1319	0.0003815645964296471
653	0.0003800728965872108
1539	0.0003793483585774176
666	0.0003790272083074841
464	0.0003789782070618945
1490	0.0003785325973580423
1589	0.00037709002471786237
1488	0.0003756432962918007
972	0.000373879534665388
858	0.000373804633791316
1474	0.0003736376571073116
1549	0.0003735878846853165
1021	0.0003724416535759673
775	0.000371579095104554
805	0.00037145641003180846
1190	0.0003704032832744919
46	0.00037037112068325314
1257	0.00036994560132549585
1254	0.0003680081213057768
1440	0.0003674559795299678
1370	0.0003673951372527779
1558	0.0003667574729527068
1223	0.00036660358875559485
1592	0.0003661255698057885
1134	0.0003656419455012046
1605	0.00036412085424535246
1406	0.00036411206554323017
1142	0.0003638041119090606
913	0.00036370007274979155
1369	0.00036289476894261433
846	0.0003624537622201723
1334	0.0003622300622073062
1524	0.00036177129578651815
612	0.00036157525244138794
1600	0.0003615437411071227
1422	0.0003612030863810971
1403	0.0003611771172877618
1386	0.0003608075489637376
1511	0.00036026471970468664
244	0.00036021243543266415
992	0.00036007188731621486
971	0.0003600470848532325
1256	0.0003595610051349218
734	0.00035906325238070787
822	0.00035905400235975544
522	0.00035855157416770164
1489	0.0003580100436495914
1299	0.0003576478328817476
1418	0.00035692040224546387
247	0.0003569193975069821
1496	0.0003567368429770102
1408	0.00035632410485576793
1324	0.0003560554460284132
932	0.000353982083437131
1226	0.00035358303921424446
877	0.00035356392114339744
1196	0.00035347955340169764
314	0.0003534420651735418
573	0.000353414946748401
426	0.0003530618220740807
839	0.0003515385772420375
961	0.0003514064118406127
1244	0.00035134779621597527
538	0.0003511542390744904
1402	0.0003508220610421798
1018	0.00035081859831527826
1377	0.00035026643036968966
1083	0.0003502488190154912
1301	0.000349975743655899
110	0.00034975054894202667
1521	0.0003496227051713106
1067	0.00034832730166464867
1233	0.00034725818980819875
743	0.00034692375455849973
1389	0.0003466282450646193
1367	0.0003464984196898917
119	0.0003464805802726756
922	0.0003463548395390725
957	0.00034622260612371836
1639	0.00034590608970318606
1519	0.00034530498024434517
1629	0.00034423257918988234
107	0.00034377746497430133
1485	0.0003436079576624109
1465	0.00034271987713199573
1307	0.0003419821533508988
1155	0.00034190472589703413
1410	0.00034158202881084964
868	0.00034126969119379995
415	0.00033918245978197193
1646	0.0003387993527535328
800	0.00033861249827981825
1602	0.00033852075872728454
1331	0.0003379504589460247
819	0.0003378952311807212
1534	0.0003372968876713666
1189	0.00033588655553037135
1561	0.0003350435509476318
1563	0.0003350435509476318
1565	0.0003350435509476318
1568	0.0003350435509476318
1571	0.0003350435509476318
1575	0.0003350435509476318
1584	0.0003350435509476318
1008	0.00033487479883541284
1237	0.00033411431647239353
1633	0.0003334658438148316
1635	0.0003334658438148316
1638	0.0003334658438148316
1645	0.0003334658438148316
1649	0.0003334658438148316
1651	0.0003334658438148316
608	0.00033200616246999214
1064	0.0003317519034359712
1109	0.00033145662623259556
383	0.00033115220549496217
1347	0.00033106629008215397
1294	0.00032986107617401483
344	0.0003296701563934146
876	0.0003294337061091361
902	0.000329313570601454
1234	0.00032894679836900924
984	0.000328940662429435
1125	0.00032800466471303506
898	0.00032710324648714545
966	0.00032623013456994926
1133	0.00032598496055261453
814	0.00032512896951954705
830	0.00032512896951954705
857	0.00032512896951954705
1357	0.0003250124603954846
950	0.00032437792665919197
1450	0.00032410224335317924
1463	0.0003238241327893582
1411	0.0003232945364970925
1420	0.00032284685225029367
1013	0.00032235141328794154
683	0.0003220812752513457
1329	0.0003219708919000091
1343	0.0003219708919000091
1364	0.0003219708919000091
1366	0.0003219708919000091
1215	0.0003216282181615826
1491	0.0003215307030623576
1051	0.0003208013638073785
1053	0.000320317624563523
605	0.00032007438659231545
974	0.0003197870214889763
1502	0.0003191961482361171
370	0.0003189405245692974
564	0.0003183990465257343
1461	0.0003174234512075678
1622	0.0003172268080364214
1494	0.0003165991083946654
1498	0.0003165991083946654
1523	0.00031602053973864313
1510	0.00031545127203321986
375	0.00031415784480501253
872	0.0003139446934643311
1665	0.00031381094255659466
1666	0.00031381094255659466
1668	0.00031381094255659466
1670	0.00031381094255659466
1655	0.0003117094352363644
752	0.0003114404814949725
641	0.00031073810209092373
1681	0.0003105523207599105
1201	0.0003091750179572736
925	0.00030883753934769493
1656	0.00030811357139000193
1543	0.0003080757781214405
1536	0.0003078126298874867
1682	0.00030773669533299753
1626	0.0003073150087003952
1507	0.0003070185608480248
355	0.0003067793379537422
1678	0.0003045017154057219
1679	0.0003045017154057219
329	0.000304422012057135
1130	0.0003042110297534892
1677	0.0003039264694777509
754	0.00030386714378409236
892	0.00030333414633161614
1617	0.0003030514720227668
711	0.0003025654159163337
1601	0.00030147201026965975
1414	0.00029950351401273207
1673	0.0002991636241250068
953	0.0002990123912805692
1310	0.00029881516116254296
1019	0.00029854732040716193
869	0.00029792043316043565
960	0.00029788742937372244
624	0.00029692877633339277
1653	0.0002968149112129046
1060	0.00029407123014623537
1037	0.00029357354707739477
1095	0.00029310221449232966
336	0.00029214218317212467
279	0.000287500197175035
1126	0.0002870926437279942
1407	0.0002855576840507148
980	0.00028544394342804437
836	0.00028446860297310354
539	0.0002824086881242379
1023	0.00028018493068468454
1059	0.0002794262231858053
1168	0.0002792605370322806
149	0.00027443186718445576
818	0.00027433822333781027
730	0.0002723981925706477
829	0.0002722547732890739
1132	0.0002719978956022002
1129	0.00027032579520286625
1178	0.0002702585422158477
1006	0.00026974140837645667
1025	0.0002690825813007329
1231	0.0002679744254601488
863	0.00026517883899763913
261	0.00026449155304497077
1206	0.0002640019633088136
376	0.0002620826097283522
1103	0.00026102390166914916
878	0.0002604436076911566
865	0.0002595928017244535
700	0.00025958297128807174
821	0.0002593809776091234
1069	0.00025855186376907285
1034	0.0002581865927465097
1160	0.0002573373072497721
834	0.00025729867951736343
635	0.00025681632363593244
1239	0.0002562332636553097
543	0.0002536109838346375
1078	0.00025347666818225403
1240	0.0002521641935729544
1153	0.00024994029801270185
978	0.0002494456756074021
882	0.000249136868613256
1157	0.0002472407427994512
634	0.00024603260927252667
1005	0.00024554941427640893
816	0.00024492780967919563
266	0.00024438509524018695
680	0.00024434051838786026
812	0.00024428766098620554
6	0.00024427470076259416
1311	0.00024140722431539144
786	0.00024055158890977629
1115	0.00024048623916005207
1209	0.00023826145646677687
832	0.00023768114281221467
560	0.0002376377725469447
1049	0.00023697340175159013
904	0.0002358175854831945
962	0.0002351143024004601
1163	0.00023265395902108621
773	0.00023240201520696683
1030	0.00023163377345527305
1061	0.0002311594948581671
557	0.00023096063898511246
733	0.00023039127855848174
349	0.00022994897797609117
579	0.0002299133377118188
320	0.0002285651031829441
990	0.00022783299553136855
997	0.0002275950422602594
459	0.00022755729591975902
1140	0.00022753534663218485
457	0.000227179326393521
400	0.00022575292161829155
1149	0.00022519525807708713
1207	0.00022327840251019064
1245	0.00022315049433818736
36	0.00022235623301593995
905	0.00022226606944311626
937	0.00022221531063231384
1219	0.0002216975353620171
995	0.0002203680337201972
758	0.00022009683875580675
1022	0.00021942910749596955
1040	0.00021941903471293158
453	0.00021921497574847306
308	0.00021883002116738508
1057	0.000217992997360661
1121	0.00021745681915366603
1258	0.00021707509768773424
782	0.00021614155625850114
1054	0.0002129420014962006
854	0.00021225429816471857
1224	0.00021184430356343363
130	0.0002114553350741841
1444	0.00021141010982618947
916	0.0002087707382698877
1185	0.00020508066657403686
1421	0.0002039517883103549
1029	0.0002017391824432812
982	0.0002011279073079881
853	0.0002007699345676722
989	0.00020072446211597168
745	0.00020063400332602152
348	0.00020061316767022857
681	0.00019965746513262784
84	0.00019901997517506577
1032	0.00019810874948688616
860	0.000197169256178418
112	0.0001971057350231205
811	0.00019690224819711994
532	0.00019580526274235726
1066	0.0001946947434462602
1071	0.0001946355930392413
351	0.0001945831739903096
256	0.00019439749986810087
253	0.00019420242366880347
1120	0.00019379268925551158
1265	0.00019365707818302558
556	0.00019124922700874928
362	0.00019010190902279579
440	0.00018988252285012533
862	0.00018965095174267014
787	0.0001895807148433814
991	0.0001890198817728535
138	0.0001862442142546613
590	0.00018577645322404165
985	0.00018553132931623662
1315	0.0001852660012178237
998	0.00018522538482104262
1273	0.00018446142322411287
1192	0.00018429465694779
793	0.0001829579892128599
1291	0.0001823864940153255
352	0.00018233842103837107
1084	0.00018220212070588882
1518	0.00018214014176779137
1001	0.00018180918136547413
807	0.00018134024866285796
1400	0.00017974562458530671
759	0.00017922605493550414
587	0.0001790094463965525
1183	0.00017859644906930512
424	0.00017817722284972043
915	0.0001774563322209941
958	0.000177328268859044
1131	0.00017663556754054786
1249	0.0001751789629270858
968	0.00017411069904206772
695	0.00017406560494352783
1296	0.00017255180461014488
669	0.00017232020925652222
698	0.00017212881988043857
545	0.00017177045787321243
1204	0.00017077949366306347
1229	0.0001705605405320978
1428	0.0001696186402315802
906	0.00016885843405913317
397	0.0001686355334075791
1401	0.00016844097721549858
803	0.00016835087012136583
1277	0.00016738297410603863
1184	0.0001648828774226272
1425	0.00016387668544878047
1169	0.00016321210304096019
1479	0.00016292211073612808
1404	0.0001627670543373588
1469	0.00016274698544322758
714	0.00016174673461374055
534	0.00016113324582494101
996	0.00015971469545750954
1128	0.00015967807582245315
103	0.00015949438834095712
394	0.0001592992515515213
1274	0.00015919890386505256
947	0.00015672497211332667
791	0.00015649871464288047
667	0.0001553658199717883
1172	0.00015493570089406412
536	0.00015469410816284303
548	0.0001541912751929875
555	0.0001540282347260521
593	0.0001523404701067943
1099	0.000152209867899991
1085	0.0001517683311588748
621	0.00015133190021953183
1268	0.00015100324615852852
885	0.0001506539383947654
1180	0.00015020484327543
374	0.00014906180438958034
1283	0.00014901356950849018
798	0.00014847953074284502
1088	0.00014837936390398095
309	0.00014749852565598223
1117	0.00014569287889052882
983	0.00014534431465283062
1187	0.00014491550686135347
889	0.00014483020468489236
1337	0.00014422383680512784
835	0.00014416935766479387
1179	0.00014372689285879257
18	0.00014353067994465107
1161	0.0001433514194355741
1451	0.00014287396354981317
1068	0.00014244815548219715
964	0.00014193794945381997
938	0.0001418526241036921
1111	0.00014166906441628432
908	0.0001416270930746663
967	0.00014078839535879958
592	0.00014066244554581596
1193	0.0001402668694738364
776	0.0001394033338604005
1281	0.0001385519884405336
1252	0.00013798230293682638
1000	0.00013790322395246756
1165	0.0001377185194857583
999	0.00013557757223969254
691	0.0001352656413812005
1437	0.00013467022060683926
1435	0.00013394148664927993
1181	0.00013263851311430083
1255	0.00013208725640014425
1278	0.0001316425572563051
1471	0.0001302394751056974
1174	0.0001301095010881334
1503	0.00012983602396012962
894	0.00012977835857874766
867	0.00012849628510197238
888	0.00012829853854155933
1415	0.00012821258371193472
1379	0.00012819860415876216
918	0.00012799214424949405
1335	0.00012727682597506854
1439	0.00012654837456508054
1004	0.000124849506105642
1375	0.0001224882934870938
1445	0.00012217816814036437
353	0.00012161249348932666
359	0.0001215580756452409
1087	0.00012121382346262236
976	0.00012120407225966616
1173	0.00012092466603692095
914	0.00012002987443297514
1062	0.00011992936271800141
901	0.00011908139975437811
1038	0.0001189040365961482
970	0.00011857646425439588
1305	0.00011768558983222906
912	0.00011614881525558669
1082	0.00011578470104582573
1271	0.00011558793050500493
668	0.00011504020050743141
1105	0.00011475057762275855
1154	0.00011375184863505051
1269	0.00011361710363849047
1473	0.00011341817238049768
390	0.00011337557597820845
1531	0.00011324347061372183
1159	0.00011293383953835638
1262	0.00011191782785768219
1072	0.00011140355884461257
1124	0.00011132368374743659
1227	0.0001101925632606765
1024	0.00010973042024273226
1145	0.00010738128465311787
1280	0.00010719738314911417
438	0.00010707667271066995
1462	0.00010654185173218478
1200	0.00010628246091057886
1151	0.00010605636819527728
1148	0.00010533108540001128
1378	0.00010285965402762428
1529	0.00010208321705827105
1250	0.00010179692764701957
1438	0.00010042759348747888
1322	9.994103689864173e-05
1002	9.97222863081616e-05
1246	9.962899827242419e-05
1094	9.933720740897799e-05
1376	9.931276326396587e-05
1514	9.875514460285951e-05
1522	9.845552499542892e-05
1413	9.842449072773023e-05
1535	9.753811693846153e-05
1031	9.701981859159958e-05
1213	9.591604661065248e-05
1177	9.526556500861105e-05
1077	9.480726934699524e-05
1300	9.46582335198511e-05
1388	9.431642940743489e-05
1380	9.428548466833954e-05
1353	9.32665025133264e-05
1409	9.31831153448778e-05
1150	9.281615277914859e-05
1279	9.269096968320145e-05
917	9.227651722424267e-05
34	9.2227013655042e-05
594	9.194998417306314e-05
437	9.057057629423417e-05
1081	9.035958475377823e-05
1517	8.891317937604476e-05
1382	8.883186983412346e-05
935	8.873713269424696e-05
777	8.868375824617565e-05
981	8.866725449431291e-05
1312	8.796656149444144e-05
884	8.76969834180267e-05
1395	8.764232432619929e-05
851	8.730755261850396e-05
1387	8.701248265973835e-05
1530	8.698275051434489e-05
1313	8.618099829280072e-05
74	8.545133947256814e-05
1075	8.543326773779158e-05
1368	8.538245142713134e-05
1393	8.533713639722718e-05
1412	8.482819801248975e-05
75	8.463523949684967e-05
360	8.441186435091181e-05
1487	8.392033530818879e-05
911	8.347621530979149e-05
1346	8.320415164486879e-05
920	8.289321183992511e-05
1344	8.254804349586541e-05
910	8.24542014660059e-05
1270	8.230818885958575e-05
626	8.222934681148696e-05
442	8.191145468957974e-05
1351	8.17974549420484e-05
267	8.158864819700863e-05
1356	8.148855849547468e-05
861	8.131695689767779e-05
1405	8.07112922951167e-05
1289	7.979584342000317e-05
1338	7.924923205320162e-05
104	7.877373295441033e-05
1554	7.866537038364973e-05
1578	7.866537038364973e-05
1585	7.866537038364973e-05
1317	7.803318612001193e-05
1261	7.799911260428126e-05
1466	7.652550279165465e-05
1264	7.643162769414849e-05
1102	7.563418268936353e-05
1495	7.509832973237857e-05
1620	7.487962690653984e-05
1591	7.44337652543393e-05
1162	7.34665709613667e-05
1448	7.338461078930345e-05
1275	7.32433251689612e-05
1555	7.22189636504143e-05
1399	7.204182609539411e-05
788	7.168482547375433e-05
1383	7.15197132950582e-05
1318	7.086007113008495e-05
1470	7.073113743758696e-05
1538	7.065699318517873e-05
784	7.035625056024096e-05
1216	7.029900759342503e-05
1643	7.028597884046639e-05
1242	7.022917466242166e-05
1186	6.988113642636156e-05
1459	6.9806534910619e-05
1287	6.975226587143136e-05
701	6.954391701614459e-05
1316	6.946299356320698e-05
1628	6.90871839148028e-05
706	6.895292525533821e-05
799	6.88634523060112e-05
1212	6.867911286169584e-05
1516	6.843344899124409e-05
1545	6.838800653989464e-05
850	6.835265096324216e-05
1442	6.788752542245898e-05
296	6.786058777948282e-05
1484	6.767478308471338e-05
1454	6.749291274102445e-05
1359	6.73828820887742e-05
1295	6.660960860548876e-05
1381	6.619657662477927e-05
1397	6.617281370779631e-05
1385	6.561727281111555e-05
1424	6.488364310106766e-05
1506	6.462187892246343e-05
1027	6.412234196371652e-05
1552	6.405320568832681e-05
1260	6.350309058304144e-05
1164	6.254382647553832e-05
1302	6.215962348405045e-05
1361	6.167924487865695e-05
1333	6.153726483351845e-05
1512	6.133911534992844e-05
598	6.126913795585838e-05
1158	6.0949245818401843e-05
1144	6.078245947994045e-05
1427	6.0696726775393844e-05
1238	6.034926297512387e-05
1588	5.973994336036651e-05
1590	5.973994336036651e-05
1623	5.966127556061173e-05
1416	5.962079207892917e-05
643	5.942324958542075e-05
1146	5.8250788672983637e-05
1644	5.818660940137989e-05
1328	5.816275305110743e-05
1106	5.806187903809585e-05
1330	5.775528611079047e-05
1104	5.708633929267247e-05
1241	5.6407639696994395e-05
1127	5.5970122524213676e-05
1272	5.588387257812521e-05
1251	5.5624516987852594e-05
1544	5.5250800601187085e-05
1550	5.5118468481761403e-05
1607	5.443905237536703e-05
1290	5.328124638666591e-05
817	5.249481340743932e-05
1355	5.245174518940147e-05
1464	5.202765409518188e-05
1432	5.088940672065867e-05
1631	5.067330984109886e-05
1326	5.053567364457122e-05
1573	5.037120063391463e-05
1392	4.990457786380502e-05
1598	4.973461821567849e-05
1321	4.917448618772409e-05
1547	4.913384864427721e-05
1551	4.913384864427721e-05
1642	4.900469784312716e-05
1175	4.851822120137538e-05
1138	4.801239271833679e-05
1436	4.790110983129207e-05
1664	4.7826765945985544e-05
838	4.76155411814777e-05
891	4.75930961537003e-05
1306	4.732958440072997e-05
1308	4.732958440072997e-05
1292	4.7303632588799564e-05
1390	4.689607242925679e-05
1429	4.684693417960795e-05
1527	4.485295601825231e-05
1609	4.458704030151831e-05
1123	4.4187570092972716e-05
1243	4.4165843100620895e-05
1532	4.349405916018392e-05
1481	4.3401410140489665e-05
1597	4.335833782835505e-05
1556	4.303537250264718e-05
1537	4.2351511027911687e-05
1026	4.036945864710836e-05
1608	4.034806371466734e-05
1546	4.0108578231786484e-05
1548	4.0108578231786484e-05
1557	4.0108578231786484e-05
1559	4.0108578231786484e-05
1562	4.0108578231786484e-05
1564	4.0108578231786484e-05
1566	4.0108578231786484e-05
1567	4.0108578231786484e-05
1569	4.0108578231786484e-05
1570	4.0108578231786484e-05
1572	4.0108578231786484e-05
1574	4.0108578231786484e-05
1576	4.0108578231786484e-05
1577	4.0108578231786484e-05
1579	4.0108578231786484e-05
1580	4.0108578231786484e-05
1581	4.0108578231786484e-05
1582	4.0108578231786484e-05
1583	4.0108578231786484e-05
1586	4.0108578231786484e-05
1587	4.0108578231786484e-05
1259	3.986826575804192e-05
1513	3.980858733147006e-05
987	3.974803620523053e-05
1323	3.95981431519187e-05
1508	3.9131754335669255e-05
1372	3.8596442958281926e-05
1630	3.8556733882716406e-05
1632	3.8556733882716406e-05
1634	3.8556733882716406e-05
1636	3.8556733882716406e-05
1637	3.8556733882716406e-05
1640	3.8556733882716406e-05
1641	3.8556733882716406e-05
1647	3.8556733882716406e-05
1648	3.8556733882716406e-05
1650	3.8556733882716406e-05
973	3.7778694232471616e-05
1443	3.7306613269782306e-05
1327	3.703325873318487e-05
1396	3.678261008038976e-05
1350	3.661765147980662e-05
1360	3.641322944761835e-05
1528	3.604393195404689e-05
1658	3.591212088648703e-05
907	3.577941638590065e-05
897	3.5274523679579425e-05
1497	3.4022165986282194e-05
1332	3.365857939178065e-05
1371	3.2935585524629096e-05
1096	3.291289348340939e-05
1345	3.279618309989571e-05
1594	3.272158602932738e-05
1477	3.270299958174382e-05
1374	3.1659980472744284e-05
1362	3.051061401065116e-05
1610	3.050312024495331e-05
852	3.0248101390269518e-05
1358	3.0141398272281482e-05
1365	2.938974084197483e-05
1504	2.935706999929766e-05
1455	2.8983211323802926e-05
1611	2.8917146560787863e-05
1354	2.886537918371329e-05
1342	2.8382972600423573e-05
1320	2.727247566633457e-05
1325	2.727247566633457e-05
1339	2.727247566633457e-05
1340	2.727247566633457e-05
1341	2.727247566633457e-05
1348	2.727247566633457e-05
1349	2.727247566633457e-05
1352	2.727247566633457e-05
1363	2.727247566633457e-05
1373	2.727247566633457e-05
1398	2.6781201316543104e-05
600	2.6489097748839262e-05
1417	2.6459778785416688e-05
1652	2.4920233317657626e-05
1431	2.4794888535149367e-05
1500	2.3448378819373212e-05
1603	2.3253556232006224e-05
1191	2.3086908367623713e-05
1541	2.2734008823253525e-05
1447	2.267090796693713e-05
1452	2.2670907966937128e-05
1453	2.2670907966937128e-05
1457	2.2670907966937128e-05
1458	2.2670907966937128e-05
1460	2.2670907966937128e-05
1542	2.190635639783293e-05
1486	2.190202251553163e-05
1492	2.190202251553163e-05
1493	2.190202251553163e-05
1672	2.1579838849293086e-05
1482	2.1498712527936216e-05
1080	2.0539509886456426e-05
1662	2.0452201463315855e-05
1304	2.0339417922878233e-05
1663	1.9617880588411548e-05
1667	1.9617880588411545e-05
1669	1.9617880588411545e-05
1467	1.9036544405394736e-05
599	1.6220904203584684e-05
677	1.6220904203584684e-05
1515	1.591609923619654e-05
1612	1.572645694166423e-05
1525	1.4184519128325012e-05
1621	1.311740192229724e-05
1476	1.3078568447673999e-05
1657	1.2772844218431795e-05
1627	1.2273322250705078e-05
1505	1.2253411617002813e-05
1659	1.2121639260226342e-05
1660	1.2121639260226342e-05
1680	1.1575064975910132e-05
1293	1.1445337197364077e-05
1430	1.1365009503243302e-05
1520	1.0437129980375205e-05
1599	1.0277843358120866e-05
1526	9.762925826125327e-06
1593	9.146184554389353e-06
1616	9.091880984297178e-06
1604	9.031149127995221e-06
1675	8.989993051429904e-06
1676	8.989993051429904e-06
1122	8.540680085039577e-06
1595	8.272804084698454e-06
1596	8.272804084698454e-06
1674	8.113446992936114e-06
1619	7.972553141860838e-06
1309	7.184948272485737e-06
1433	7.058183983624114e-06
1472	6.59719043194317e-06
1661	6.4336451464515446e-06
1606	6.110925834878324e-06
1613	5.027076484046079e-06
1533	4.947320293375509e-06
1614	4.884043299404493e-06
1624	4.446359969631837e-06
1625	4.446359969631837e-06
1235	3.8680359971112325e-06
1236	3.8680359971112325e-06
1654	3.6396402119580444e-06
1156	3.5269693623493074e-06
1671	3.0352374152352596e-06
1618	2.1433459218259604e-06
